(-1 +46 -110 +48 -52 -107 -82 -74 -93 -121 +5 -98 -32 -114 -30 -115 -84 -71 +94 -99 -8 +65 +35 -70 +6 -111 -24 -109 -87 +34 -95 -79 +86 -31 +83 +75 +4 +50 -97 -20 +33 -3 -7 +60 +85 -72 +103 -88 +37 +45 +112 -120 -100 +18 -92 -105 +42 -39 -29 -106 -17 +56 -40 -122 -101 -108 -53 +77 -38 -90 -117 +9 +11 -118 +78 -12 +69 +28 -47 +55 +61 -76 -13 -102 +68 -44 +14 -51 +49 -59 +66 +21 -19 -23 +16 -63 -27 +123 +25 -119 -54 +43 +26 +41 -113 -80 +67 +104 +58 -2 +73 +57 +64 +116 -15 -96 -10 +62 -36 -81 +22 -91 +89)
(+1 +46 -110 +48 -52 -107 -82 -74 -93 -121 +5 -98 -32 -114 -30 -115 -84 -71 +94 -99 -8 +65 +35 -70 +6 -111 -24 -109 -87 +34 -95 -79 +86 -31 +83 +75 +4 +50 -97 -20 +33 -3 -7 +60 +85 -72 +103 -88 +37 +45 +112 -120 -100 +18 -92 -105 +42 -39 -29 -106 -17 +56 -40 -122 -101 -108 -53 +77 -38 -90 -117 +9 +11 -118 +78 -12 +69 +28 -47 +55 +61 -76 -13 -102 +68 -44 +14 -51 +49 -59 +66 +21 -19 -23 +16 -63 -27 +123 +25 -119 -54 +43 +26 +41 -113 -80 +67 +104 +58 -2 +73 +57 +64 +116 -15 -96 -10 +62 -36 -81 +22 -91 +89)
(+1 +2 -58 -104 -67 +80 +113 -41 -26 -43 +54 +119 -25 -123 +27 +63 -16 +23 +19 -21 -66 +59 -49 +51 -14 +44 -68 +102 +13 +76 -61 -55 +47 -28 -69 +12 -78 +118 -11 -9 +117 +90 +38 -77 +53 +108 +101 +122 +40 -56 +17 +106 +29 +39 -42 +105 +92 -18 +100 +120 -112 -45 -37 +88 -103 +72 -85 -60 +7 +3 -33 +20 +97 -50 -4 -75 -83 +31 -86 +79 +95 -34 +87 +109 +24 +111 -6 +70 -35 -65 +8 +99 -94 +71 +84 +115 +30 +114 +32 +98 -5 +121 +93 +74 +82 +107 +52 -48 +110 -46 +73 +57 +64 +116 -15 -96 -10 +62 -36 -81 +22 -91 +89)
(+1 +2 -3 -7 +60 +85 -72 +103 -88 +37 +45 +112 -120 -100 +18 -92 -105 +42 -39 -29 -106 -17 +56 -40 -122 -101 -108 -53 +77 -38 -90 -117 +9 +11 -118 +78 -12 +69 +28 -47 +55 +61 -76 -13 -102 +68 -44 +14 -51 +49 -59 +66 +21 -19 -23 +16 -63 -27 +123 +25 -119 -54 +43 +26 +41 -113 -80 +67 +104 +58 -33 +20 +97 -50 -4 -75 -83 +31 -86 +79 +95 -34 +87 +109 +24 +111 -6 +70 -35 -65 +8 +99 -94 +71 +84 +115 +30 +114 +32 +98 -5 +121 +93 +74 +82 +107 +52 -48 +110 -46 +73 +57 +64 +116 -15 -96 -10 +62 -36 -81 +22 -91 +89)
(+1 +2 +3 -7 +60 +85 -72 +103 -88 +37 +45 +112 -120 -100 +18 -92 -105 +42 -39 -29 -106 -17 +56 -40 -122 -101 -108 -53 +77 -38 -90 -117 +9 +11 -118 +78 -12 +69 +28 -47 +55 +61 -76 -13 -102 +68 -44 +14 -51 +49 -59 +66 +21 -19 -23 +16 -63 -27 +123 +25 -119 -54 +43 +26 +41 -113 -80 +67 +104 +58 -33 +20 +97 -50 -4 -75 -83 +31 -86 +79 +95 -34 +87 +109 +24 +111 -6 +70 -35 -65 +8 +99 -94 +71 +84 +115 +30 +114 +32 +98 -5 +121 +93 +74 +82 +107 +52 -48 +110 -46 +73 +57 +64 +116 -15 -96 -10 +62 -36 -81 +22 -91 +89)
(+1 +2 +3 +4 +50 -97 -20 +33 -58 -104 -67 +80 +113 -41 -26 -43 +54 +119 -25 -123 +27 +63 -16 +23 +19 -21 -66 +59 -49 +51 -14 +44 -68 +102 +13 +76 -61 -55 +47 -28 -69 +12 -78 +118 -11 -9 +117 +90 +38 -77 +53 +108 +101 +122 +40 -56 +17 +106 +29 +39 -42 +105 +92 -18 +100 +120 -112 -45 -37 +88 -103 +72 -85 -60 +7 -75 -83 +31 -86 +79 +95 -34 +87 +109 +24 +111 -6 +70 -35 -65 +8 +99 -94 +71 +84 +115 +30 +114 +32 +98 -5 +121 +93 +74 +82 +107 +52 -48 +110 -46 +73 +57 +64 +116 -15 -96 -10 +62 -36 -81 +22 -91 +89)
(+1 +2 +3 +4 +5 -98 -32 -114 -30 -115 -84 -71 +94 -99 -8 +65 +35 -70 +6 -111 -24 -109 -87 +34 -95 -79 +86 -31 +83 +75 -7 +60 +85 -72 +103 -88 +37 +45 +112 -120 -100 +18 -92 -105 +42 -39 -29 -106 -17 +56 -40 -122 -101 -108 -53 +77 -38 -90 -117 +9 +11 -118 +78 -12 +69 +28 -47 +55 +61 -76 -13 -102 +68 -44 +14 -51 +49 -59 +66 +21 -19 -23 +16 -63 -27 +123 +25 -119 -54 +43 +26 +41 -113 -80 +67 +104 +58 -33 +20 +97 -50 +121 +93 +74 +82 +107 +52 -48 +110 -46 +73 +57 +64 +116 -15 -96 -10 +62 -36 -81 +22 -91 +89)
(+1 +2 +3 +4 +5 -6 +70 -35 -65 +8 +99 -94 +71 +84 +115 +30 +114 +32 +98 -111 -24 -109 -87 +34 -95 -79 +86 -31 +83 +75 -7 +60 +85 -72 +103 -88 +37 +45 +112 -120 -100 +18 -92 -105 +42 -39 -29 -106 -17 +56 -40 -122 -101 -108 -53 +77 -38 -90 -117 +9 +11 -118 +78 -12 +69 +28 -47 +55 +61 -76 -13 -102 +68 -44 +14 -51 +49 -59 +66 +21 -19 -23 +16 -63 -27 +123 +25 -119 -54 +43 +26 +41 -113 -80 +67 +104 +58 -33 +20 +97 -50 +121 +93 +74 +82 +107 +52 -48 +110 -46 +73 +57 +64 +116 -15 -96 -10 +62 -36 -81 +22 -91 +89)
(+1 +2 +3 +4 +5 +6 +70 -35 -65 +8 +99 -94 +71 +84 +115 +30 +114 +32 +98 -111 -24 -109 -87 +34 -95 -79 +86 -31 +83 +75 -7 +60 +85 -72 +103 -88 +37 +45 +112 -120 -100 +18 -92 -105 +42 -39 -29 -106 -17 +56 -40 -122 -101 -108 -53 +77 -38 -90 -117 +9 +11 -118 +78 -12 +69 +28 -47 +55 +61 -76 -13 -102 +68 -44 +14 -51 +49 -59 +66 +21 -19 -23 +16 -63 -27 +123 +25 -119 -54 +43 +26 +41 -113 -80 +67 +104 +58 -33 +20 +97 -50 +121 +93 +74 +82 +107 +52 -48 +110 -46 +73 +57 +64 +116 -15 -96 -10 +62 -36 -81 +22 -91 +89)
(+1 +2 +3 +4 +5 +6 +7 -75 -83 +31 -86 +79 +95 -34 +87 +109 +24 +111 -98 -32 -114 -30 -115 -84 -71 +94 -99 -8 +65 +35 -70 +60 +85 -72 +103 -88 +37 +45 +112 -120 -100 +18 -92 -105 +42 -39 -29 -106 -17 +56 -40 -122 -101 -108 -53 +77 -38 -90 -117 +9 +11 -118 +78 -12 +69 +28 -47 +55 +61 -76 -13 -102 +68 -44 +14 -51 +49 -59 +66 +21 -19 -23 +16 -63 -27 +123 +25 -119 -54 +43 +26 +41 -113 -80 +67 +104 +58 -33 +20 +97 -50 +121 +93 +74 +82 +107 +52 -48 +110 -46 +73 +57 +64 +116 -15 -96 -10 +62 -36 -81 +22 -91 +89)
(+1 +2 +3 +4 +5 +6 +7 +8 +99 -94 +71 +84 +115 +30 +114 +32 +98 -111 -24 -109 -87 +34 -95 -79 +86 -31 +83 +75 +65 +35 -70 +60 +85 -72 +103 -88 +37 +45 +112 -120 -100 +18 -92 -105 +42 -39 -29 -106 -17 +56 -40 -122 -101 -108 -53 +77 -38 -90 -117 +9 +11 -118 +78 -12 +69 +28 -47 +55 +61 -76 -13 -102 +68 -44 +14 -51 +49 -59 +66 +21 -19 -23 +16 -63 -27 +123 +25 -119 -54 +43 +26 +41 -113 -80 +67 +104 +58 -33 +20 +97 -50 +121 +93 +74 +82 +107 +52 -48 +110 -46 +73 +57 +64 +116 -15 -96 -10 +62 -36 -81 +22 -91 +89)
(+1 +2 +3 +4 +5 +6 +7 +8 -9 +117 +90 +38 -77 +53 +108 +101 +122 +40 -56 +17 +106 +29 +39 -42 +105 +92 -18 +100 +120 -112 -45 -37 +88 -103 +72 -85 -60 +70 -35 -65 -75 -83 +31 -86 +79 +95 -34 +87 +109 +24 +111 -98 -32 -114 -30 -115 -84 -71 +94 -99 +11 -118 +78 -12 +69 +28 -47 +55 +61 -76 -13 -102 +68 -44 +14 -51 +49 -59 +66 +21 -19 -23 +16 -63 -27 +123 +25 -119 -54 +43 +26 +41 -113 -80 +67 +104 +58 -33 +20 +97 -50 +121 +93 +74 +82 +107 +52 -48 +110 -46 +73 +57 +64 +116 -15 -96 -10 +62 -36 -81 +22 -91 +89)
(+1 +2 +3 +4 +5 +6 +7 +8 +9 +117 +90 +38 -77 +53 +108 +101 +122 +40 -56 +17 +106 +29 +39 -42 +105 +92 -18 +100 +120 -112 -45 -37 +88 -103 +72 -85 -60 +70 -35 -65 -75 -83 +31 -86 +79 +95 -34 +87 +109 +24 +111 -98 -32 -114 -30 -115 -84 -71 +94 -99 +11 -118 +78 -12 +69 +28 -47 +55 +61 -76 -13 -102 +68 -44 +14 -51 +49 -59 +66 +21 -19 -23 +16 -63 -27 +123 +25 -119 -54 +43 +26 +41 -113 -80 +67 +104 +58 -33 +20 +97 -50 +121 +93 +74 +82 +107 +52 -48 +110 -46 +73 +57 +64 +116 -15 -96 -10 +62 -36 -81 +22 -91 +89)
(+1 +2 +3 +4 +5 +6 +7 +8 +9 +10 +96 +15 -116 -64 -57 -73 +46 -110 +48 -52 -107 -82 -74 -93 -121 +50 -97 -20 +33 -58 -104 -67 +80 +113 -41 -26 -43 +54 +119 -25 -123 +27 +63 -16 +23 +19 -21 -66 +59 -49 +51 -14 +44 -68 +102 +13 +76 -61 -55 +47 -28 -69 +12 -78 +118 -11 +99 -94 +71 +84 +115 +30 +114 +32 +98 -111 -24 -109 -87 +34 -95 -79 +86 -31 +83 +75 +65 +35 -70 +60 +85 -72 +103 -88 +37 +45 +112 -120 -100 +18 -92 -105 +42 -39 -29 -106 -17 +56 -40 -122 -101 -108 -53 +77 -38 -90 -117 +62 -36 -81 +22 -91 +89)
(+1 +2 +3 +4 +5 +6 +7 +8 +9 +10 +11 -118 +78 -12 +69 +28 -47 +55 +61 -76 -13 -102 +68 -44 +14 -51 +49 -59 +66 +21 -19 -23 +16 -63 -27 +123 +25 -119 -54 +43 +26 +41 -113 -80 +67 +104 +58 -33 +20 +97 -50 +121 +93 +74 +82 +107 +52 -48 +110 -46 +73 +57 +64 +116 -15 -96 +99 -94 +71 +84 +115 +30 +114 +32 +98 -111 -24 -109 -87 +34 -95 -79 +86 -31 +83 +75 +65 +35 -70 +60 +85 -72 +103 -88 +37 +45 +112 -120 -100 +18 -92 -105 +42 -39 -29 -106 -17 +56 -40 -122 -101 -108 -53 +77 -38 -90 -117 +62 -36 -81 +22 -91 +89)
(+1 +2 +3 +4 +5 +6 +7 +8 +9 +10 +11 +12 -78 +118 +69 +28 -47 +55 +61 -76 -13 -102 +68 -44 +14 -51 +49 -59 +66 +21 -19 -23 +16 -63 -27 +123 +25 -119 -54 +43 +26 +41 -113 -80 +67 +104 +58 -33 +20 +97 -50 +121 +93 +74 +82 +107 +52 -48 +110 -46 +73 +57 +64 +116 -15 -96 +99 -94 +71 +84 +115 +30 +114 +32 +98 -111 -24 -109 -87 +34 -95 -79 +86 -31 +83 +75 +65 +35 -70 +60 +85 -72 +103 -88 +37 +45 +112 -120 -100 +18 -92 -105 +42 -39 -29 -106 -17 +56 -40 -122 -101 -108 -53 +77 -38 -90 -117 +62 -36 -81 +22 -91 +89)
(+1 +2 +3 +4 +5 +6 +7 +8 +9 +10 +11 +12 +13 +76 -61 -55 +47 -28 -69 -118 +78 -102 +68 -44 +14 -51 +49 -59 +66 +21 -19 -23 +16 -63 -27 +123 +25 -119 -54 +43 +26 +41 -113 -80 +67 +104 +58 -33 +20 +97 -50 +121 +93 +74 +82 +107 +52 -48 +110 -46 +73 +57 +64 +116 -15 -96 +99 -94 +71 +84 +115 +30 +114 +32 +98 -111 -24 -109 -87 +34 -95 -79 +86 -31 +83 +75 +65 +35 -70 +60 +85 -72 +103 -88 +37 +45 +112 -120 -100 +18 -92 -105 +42 -39 -29 -106 -17 +56 -40 -122 -101 -108 -53 +77 -38 -90 -117 +62 -36 -81 +22 -91 +89)
(+1 +2 +3 +4 +5 +6 +7 +8 +9 +10 +11 +12 +13 -14 +44 -68 +102 -78 +118 +69 +28 -47 +55 +61 -76 -51 +49 -59 +66 +21 -19 -23 +16 -63 -27 +123 +25 -119 -54 +43 +26 +41 -113 -80 +67 +104 +58 -33 +20 +97 -50 +121 +93 +74 +82 +107 +52 -48 +110 -46 +73 +57 +64 +116 -15 -96 +99 -94 +71 +84 +115 +30 +114 +32 +98 -111 -24 -109 -87 +34 -95 -79 +86 -31 +83 +75 +65 +35 -70 +60 +85 -72 +103 -88 +37 +45 +112 -120 -100 +18 -92 -105 +42 -39 -29 -106 -17 +56 -40 -122 -101 -108 -53 +77 -38 -90 -117 +62 -36 -81 +22 -91 +89)
(+1 +2 +3 +4 +5 +6 +7 +8 +9 +10 +11 +12 +13 +14 +44 -68 +102 -78 +118 +69 +28 -47 +55 +61 -76 -51 +49 -59 +66 +21 -19 -23 +16 -63 -27 +123 +25 -119 -54 +43 +26 +41 -113 -80 +67 +104 +58 -33 +20 +97 -50 +121 +93 +74 +82 +107 +52 -48 +110 -46 +73 +57 +64 +116 -15 -96 +99 -94 +71 +84 +115 +30 +114 +32 +98 -111 -24 -109 -87 +34 -95 -79 +86 -31 +83 +75 +65 +35 -70 +60 +85 -72 +103 -88 +37 +45 +112 -120 -100 +18 -92 -105 +42 -39 -29 -106 -17 +56 -40 -122 -101 -108 -53 +77 -38 -90 -117 +62 -36 -81 +22 -91 +89)
(+1 +2 +3 +4 +5 +6 +7 +8 +9 +10 +11 +12 +13 +14 +15 -116 -64 -57 -73 +46 -110 +48 -52 -107 -82 -74 -93 -121 +50 -97 -20 +33 -58 -104 -67 +80 +113 -41 -26 -43 +54 +119 -25 -123 +27 +63 -16 +23 +19 -21 -66 +59 -49 +51 +76 -61 -55 +47 -28 -69 -118 +78 -102 +68 -44 -96 +99 -94 +71 +84 +115 +30 +114 +32 +98 -111 -24 -109 -87 +34 -95 -79 +86 -31 +83 +75 +65 +35 -70 +60 +85 -72 +103 -88 +37 +45 +112 -120 -100 +18 -92 -105 +42 -39 -29 -106 -17 +56 -40 -122 -101 -108 -53 +77 -38 -90 -117 +62 -36 -81 +22 -91 +89)
(+1 +2 +3 +4 +5 +6 +7 +8 +9 +10 +11 +12 +13 +14 +15 +16 -63 -27 +123 +25 -119 -54 +43 +26 +41 -113 -80 +67 +104 +58 -33 +20 +97 -50 +121 +93 +74 +82 +107 +52 -48 +110 -46 +73 +57 +64 +116 +23 +19 -21 -66 +59 -49 +51 +76 -61 -55 +47 -28 -69 -118 +78 -102 +68 -44 -96 +99 -94 +71 +84 +115 +30 +114 +32 +98 -111 -24 -109 -87 +34 -95 -79 +86 -31 +83 +75 +65 +35 -70 +60 +85 -72 +103 -88 +37 +45 +112 -120 -100 +18 -92 -105 +42 -39 -29 -106 -17 +56 -40 -122 -101 -108 -53 +77 -38 -90 -117 +62 -36 -81 +22 -91 +89)
(+1 +2 +3 +4 +5 +6 +7 +8 +9 +10 +11 +12 +13 +14 +15 +16 +17 +106 +29 +39 -42 +105 +92 -18 +100 +120 -112 -45 -37 +88 -103 +72 -85 -60 +70 -35 -65 -75 -83 +31 -86 +79 +95 -34 +87 +109 +24 +111 -98 -32 -114 -30 -115 -84 -71 +94 -99 +96 +44 -68 +102 -78 +118 +69 +28 -47 +55 +61 -76 -51 +49 -59 +66 +21 -19 -23 -116 -64 -57 -73 +46 -110 +48 -52 -107 -82 -74 -93 -121 +50 -97 -20 +33 -58 -104 -67 +80 +113 -41 -26 -43 +54 +119 -25 -123 +27 +63 +56 -40 -122 -101 -108 -53 +77 -38 -90 -117 +62 -36 -81 +22 -91 +89)
(+1 +2 +3 +4 +5 +6 +7 +8 +9 +10 +11 +12 +13 +14 +15 +16 +17 +18 -92 -105 +42 -39 -29 -106 +100 +120 -112 -45 -37 +88 -103 +72 -85 -60 +70 -35 -65 -75 -83 +31 -86 +79 +95 -34 +87 +109 +24 +111 -98 -32 -114 -30 -115 -84 -71 +94 -99 +96 +44 -68 +102 -78 +118 +69 +28 -47 +55 +61 -76 -51 +49 -59 +66 +21 -19 -23 -116 -64 -57 -73 +46 -110 +48 -52 -107 -82 -74 -93 -121 +50 -97 -20 +33 -58 -104 -67 +80 +113 -41 -26 -43 +54 +119 -25 -123 +27 +63 +56 -40 -122 -101 -108 -53 +77 -38 -90 -117 +62 -36 -81 +22 -91 +89)
(+1 +2 +3 +4 +5 +6 +7 +8 +9 +10 +11 +12 +13 +14 +15 +16 +17 +18 +19 -21 -66 +59 -49 +51 +76 -61 -55 +47 -28 -69 -118 +78 -102 +68 -44 -96 +99 -94 +71 +84 +115 +30 +114 +32 +98 -111 -24 -109 -87 +34 -95 -79 +86 -31 +83 +75 +65 +35 -70 +60 +85 -72 +103 -88 +37 +45 +112 -120 -100 +106 +29 +39 -42 +105 +92 -23 -116 -64 -57 -73 +46 -110 +48 -52 -107 -82 -74 -93 -121 +50 -97 -20 +33 -58 -104 -67 +80 +113 -41 -26 -43 +54 +119 -25 -123 +27 +63 +56 -40 -122 -101 -108 -53 +77 -38 -90 -117 +62 -36 -81 +22 -91 +89)
(+1 +2 +3 +4 +5 +6 +7 +8 +9 +10 +11 +12 +13 +14 +15 +16 +17 +18 +19 +20 +97 -50 +121 +93 +74 +82 +107 +52 -48 +110 -46 +73 +57 +64 +116 +23 -92 -105 +42 -39 -29 -106 +100 +120 -112 -45 -37 +88 -103 +72 -85 -60 +70 -35 -65 -75 -83 +31 -86 +79 +95 -34 +87 +109 +24 +111 -98 -32 -114 -30 -115 -84 -71 +94 -99 +96 +44 -68 +102 -78 +118 +69 +28 -47 +55 +61 -76 -51 +49 -59 +66 +21 +33 -58 -104 -67 +80 +113 -41 -26 -43 +54 +119 -25 -123 +27 +63 +56 -40 -122 -101 -108 -53 +77 -38 -90 -117 +62 -36 -81 +22 -91 +89)
(+1 +2 +3 +4 +5 +6 +7 +8 +9 +10 +11 +12 +13 +14 +15 +16 +17 +18 +19 +20 -21 -66 +59 -49 +51 +76 -61 -55 +47 -28 -69 -118 +78 -102 +68 -44 -96 +99 -94 +71 +84 +115 +30 +114 +32 +98 -111 -24 -109 -87 +34 -95 -79 +86 -31 +83 +75 +65 +35 -70 +60 +85 -72 +103 -88 +37 +45 +112 -120 -100 +106 +29 +39 -42 +105 +92 -23 -116 -64 -57 -73 +46 -110 +48 -52 -107 -82 -74 -93 -121 +50 -97 +33 -58 -104 -67 +80 +113 -41 -26 -43 +54 +119 -25 -123 +27 +63 +56 -40 -122 -101 -108 -53 +77 -38 -90 -117 +62 -36 -81 +22 -91 +89)
(+1 +2 +3 +4 +5 +6 +7 +8 +9 +10 +11 +12 +13 +14 +15 +16 +17 +18 +19 +20 +21 -66 +59 -49 +51 +76 -61 -55 +47 -28 -69 -118 +78 -102 +68 -44 -96 +99 -94 +71 +84 +115 +30 +114 +32 +98 -111 -24 -109 -87 +34 -95 -79 +86 -31 +83 +75 +65 +35 -70 +60 +85 -72 +103 -88 +37 +45 +112 -120 -100 +106 +29 +39 -42 +105 +92 -23 -116 -64 -57 -73 +46 -110 +48 -52 -107 -82 -74 -93 -121 +50 -97 +33 -58 -104 -67 +80 +113 -41 -26 -43 +54 +119 -25 -123 +27 +63 +56 -40 -122 -101 -108 -53 +77 -38 -90 -117 +62 -36 -81 +22 -91 +89)
(+1 +2 +3 +4 +5 +6 +7 +8 +9 +10 +11 +12 +13 +14 +15 +16 +17 +18 +19 +20 +21 -22 +81 +36 -62 +117 +90 +38 -77 +53 +108 +101 +122 +40 -56 -63 -27 +123 +25 -119 -54 +43 +26 +41 -113 -80 +67 +104 +58 -33 +97 -50 +121 +93 +74 +82 +107 +52 -48 +110 -46 +73 +57 +64 +116 +23 -92 -105 +42 -39 -29 -106 +100 +120 -112 -45 -37 +88 -103 +72 -85 -60 +70 -35 -65 -75 -83 +31 -86 +79 +95 -34 +87 +109 +24 +111 -98 -32 -114 -30 -115 -84 -71 +94 -99 +96 +44 -68 +102 -78 +118 +69 +28 -47 +55 +61 -76 -51 +49 -59 +66 -91 +89)
(+1 +2 +3 +4 +5 +6 +7 +8 +9 +10 +11 +12 +13 +14 +15 +16 +17 +18 +19 +20 +21 +22 +81 +36 -62 +117 +90 +38 -77 +53 +108 +101 +122 +40 -56 -63 -27 +123 +25 -119 -54 +43 +26 +41 -113 -80 +67 +104 +58 -33 +97 -50 +121 +93 +74 +82 +107 +52 -48 +110 -46 +73 +57 +64 +116 +23 -92 -105 +42 -39 -29 -106 +100 +120 -112 -45 -37 +88 -103 +72 -85 -60 +70 -35 -65 -75 -83 +31 -86 +79 +95 -34 +87 +109 +24 +111 -98 -32 -114 -30 -115 -84 -71 +94 -99 +96 +44 -68 +102 -78 +118 +69 +28 -47 +55 +61 -76 -51 +49 -59 +66 -91 +89)
(+1 +2 +3 +4 +5 +6 +7 +8 +9 +10 +11 +12 +13 +14 +15 +16 +17 +18 +19 +20 +21 +22 -23 -116 -64 -57 -73 +46 -110 +48 -52 -107 -82 -74 -93 -121 +50 -97 +33 -58 -104 -67 +80 +113 -41 -26 -43 +54 +119 -25 -123 +27 +63 +56 -40 -122 -101 -108 -53 +77 -38 -90 -117 +62 -36 -81 -92 -105 +42 -39 -29 -106 +100 +120 -112 -45 -37 +88 -103 +72 -85 -60 +70 -35 -65 -75 -83 +31 -86 +79 +95 -34 +87 +109 +24 +111 -98 -32 -114 -30 -115 -84 -71 +94 -99 +96 +44 -68 +102 -78 +118 +69 +28 -47 +55 +61 -76 -51 +49 -59 +66 -91 +89)
(+1 +2 +3 +4 +5 +6 +7 +8 +9 +10 +11 +12 +13 +14 +15 +16 +17 +18 +19 +20 +21 +22 +23 -116 -64 -57 -73 +46 -110 +48 -52 -107 -82 -74 -93 -121 +50 -97 +33 -58 -104 -67 +80 +113 -41 -26 -43 +54 +119 -25 -123 +27 +63 +56 -40 -122 -101 -108 -53 +77 -38 -90 -117 +62 -36 -81 -92 -105 +42 -39 -29 -106 +100 +120 -112 -45 -37 +88 -103 +72 -85 -60 +70 -35 -65 -75 -83 +31 -86 +79 +95 -34 +87 +109 +24 +111 -98 -32 -114 -30 -115 -84 -71 +94 -99 +96 +44 -68 +102 -78 +118 +69 +28 -47 +55 +61 -76 -51 +49 -59 +66 -91 +89)
(+1 +2 +3 +4 +5 +6 +7 +8 +9 +10 +11 +12 +13 +14 +15 +16 +17 +18 +19 +20 +21 +22 +23 -24 -109 -87 +34 -95 -79 +86 -31 +83 +75 +65 +35 -70 +60 +85 -72 +103 -88 +37 +45 +112 -120 -100 +106 +29 +39 -42 +105 +92 +81 +36 -62 +117 +90 +38 -77 +53 +108 +101 +122 +40 -56 -63 -27 +123 +25 -119 -54 +43 +26 +41 -113 -80 +67 +104 +58 -33 +97 -50 +121 +93 +74 +82 +107 +52 -48 +110 -46 +73 +57 +64 +116 +111 -98 -32 -114 -30 -115 -84 -71 +94 -99 +96 +44 -68 +102 -78 +118 +69 +28 -47 +55 +61 -76 -51 +49 -59 +66 -91 +89)
(+1 +2 +3 +4 +5 +6 +7 +8 +9 +10 +11 +12 +13 +14 +15 +16 +17 +18 +19 +20 +21 +22 +23 +24 -109 -87 +34 -95 -79 +86 -31 +83 +75 +65 +35 -70 +60 +85 -72 +103 -88 +37 +45 +112 -120 -100 +106 +29 +39 -42 +105 +92 +81 +36 -62 +117 +90 +38 -77 +53 +108 +101 +122 +40 -56 -63 -27 +123 +25 -119 -54 +43 +26 +41 -113 -80 +67 +104 +58 -33 +97 -50 +121 +93 +74 +82 +107 +52 -48 +110 -46 +73 +57 +64 +116 +111 -98 -32 -114 -30 -115 -84 -71 +94 -99 +96 +44 -68 +102 -78 +118 +69 +28 -47 +55 +61 -76 -51 +49 -59 +66 -91 +89)
(+1 +2 +3 +4 +5 +6 +7 +8 +9 +10 +11 +12 +13 +14 +15 +16 +17 +18 +19 +20 +21 +22 +23 +24 -25 -123 +27 +63 +56 -40 -122 -101 -108 -53 +77 -38 -90 -117 +62 -36 -81 -92 -105 +42 -39 -29 -106 +100 +120 -112 -45 -37 +88 -103 +72 -85 -60 +70 -35 -65 -75 -83 +31 -86 +79 +95 -34 +87 +109 -119 -54 +43 +26 +41 -113 -80 +67 +104 +58 -33 +97 -50 +121 +93 +74 +82 +107 +52 -48 +110 -46 +73 +57 +64 +116 +111 -98 -32 -114 -30 -115 -84 -71 +94 -99 +96 +44 -68 +102 -78 +118 +69 +28 -47 +55 +61 -76 -51 +49 -59 +66 -91 +89)
(+1 +2 +3 +4 +5 +6 +7 +8 +9 +10 +11 +12 +13 +14 +15 +16 +17 +18 +19 +20 +21 +22 +23 +24 +25 -123 +27 +63 +56 -40 -122 -101 -108 -53 +77 -38 -90 -117 +62 -36 -81 -92 -105 +42 -39 -29 -106 +100 +120 -112 -45 -37 +88 -103 +72 -85 -60 +70 -35 -65 -75 -83 +31 -86 +79 +95 -34 +87 +109 -119 -54 +43 +26 +41 -113 -80 +67 +104 +58 -33 +97 -50 +121 +93 +74 +82 +107 +52 -48 +110 -46 +73 +57 +64 +116 +111 -98 -32 -114 -30 -115 -84 -71 +94 -99 +96 +44 -68 +102 -78 +118 +69 +28 -47 +55 +61 -76 -51 +49 -59 +66 -91 +89)
(+1 +2 +3 +4 +5 +6 +7 +8 +9 +10 +11 +12 +13 +14 +15 +16 +17 +18 +19 +20 +21 +22 +23 +24 +25 -26 -43 +54 +119 -109 -87 +34 -95 -79 +86 -31 +83 +75 +65 +35 -70 +60 +85 -72 +103 -88 +37 +45 +112 -120 -100 +106 +29 +39 -42 +105 +92 +81 +36 -62 +117 +90 +38 -77 +53 +108 +101 +122 +40 -56 -63 -27 +123 +41 -113 -80 +67 +104 +58 -33 +97 -50 +121 +93 +74 +82 +107 +52 -48 +110 -46 +73 +57 +64 +116 +111 -98 -32 -114 -30 -115 -84 -71 +94 -99 +96 +44 -68 +102 -78 +118 +69 +28 -47 +55 +61 -76 -51 +49 -59 +66 -91 +89)
(+1 +2 +3 +4 +5 +6 +7 +8 +9 +10 +11 +12 +13 +14 +15 +16 +17 +18 +19 +20 +21 +22 +23 +24 +25 +26 -43 +54 +119 -109 -87 +34 -95 -79 +86 -31 +83 +75 +65 +35 -70 +60 +85 -72 +103 -88 +37 +45 +112 -120 -100 +106 +29 +39 -42 +105 +92 +81 +36 -62 +117 +90 +38 -77 +53 +108 +101 +122 +40 -56 -63 -27 +123 +41 -113 -80 +67 +104 +58 -33 +97 -50 +121 +93 +74 +82 +107 +52 -48 +110 -46 +73 +57 +64 +116 +111 -98 -32 -114 -30 -115 -84 -71 +94 -99 +96 +44 -68 +102 -78 +118 +69 +28 -47 +55 +61 -76 -51 +49 -59 +66 -91 +89)
(+1 +2 +3 +4 +5 +6 +7 +8 +9 +10 +11 +12 +13 +14 +15 +16 +17 +18 +19 +20 +21 +22 +23 +24 +25 +26 +27 +63 +56 -40 -122 -101 -108 -53 +77 -38 -90 -117 +62 -36 -81 -92 -105 +42 -39 -29 -106 +100 +120 -112 -45 -37 +88 -103 +72 -85 -60 +70 -35 -65 -75 -83 +31 -86 +79 +95 -34 +87 +109 -119 -54 +43 +123 +41 -113 -80 +67 +104 +58 -33 +97 -50 +121 +93 +74 +82 +107 +52 -48 +110 -46 +73 +57 +64 +116 +111 -98 -32 -114 -30 -115 -84 -71 +94 -99 +96 +44 -68 +102 -78 +118 +69 +28 -47 +55 +61 -76 -51 +49 -59 +66 -91 +89)
(+1 +2 +3 +4 +5 +6 +7 +8 +9 +10 +11 +12 +13 +14 +15 +16 +17 +18 +19 +20 +21 +22 +23 +24 +25 +26 +27 -28 -69 -118 +78 -102 +68 -44 -96 +99 -94 +71 +84 +115 +30 +114 +32 +98 -111 -116 -64 -57 -73 +46 -110 +48 -52 -107 -82 -74 -93 -121 +50 -97 +33 -58 -104 -67 +80 +113 -41 -123 -43 +54 +119 -109 -87 +34 -95 -79 +86 -31 +83 +75 +65 +35 -70 +60 +85 -72 +103 -88 +37 +45 +112 -120 -100 +106 +29 +39 -42 +105 +92 +81 +36 -62 +117 +90 +38 -77 +53 +108 +101 +122 +40 -56 -63 -47 +55 +61 -76 -51 +49 -59 +66 -91 +89)
(+1 +2 +3 +4 +5 +6 +7 +8 +9 +10 +11 +12 +13 +14 +15 +16 +17 +18 +19 +20 +21 +22 +23 +24 +25 +26 +27 +28 -69 -118 +78 -102 +68 -44 -96 +99 -94 +71 +84 +115 +30 +114 +32 +98 -111 -116 -64 -57 -73 +46 -110 +48 -52 -107 -82 -74 -93 -121 +50 -97 +33 -58 -104 -67 +80 +113 -41 -123 -43 +54 +119 -109 -87 +34 -95 -79 +86 -31 +83 +75 +65 +35 -70 +60 +85 -72 +103 -88 +37 +45 +112 -120 -100 +106 +29 +39 -42 +105 +92 +81 +36 -62 +117 +90 +38 -77 +53 +108 +101 +122 +40 -56 -63 -47 +55 +61 -76 -51 +49 -59 +66 -91 +89)
(+1 +2 +3 +4 +5 +6 +7 +8 +9 +10 +11 +12 +13 +14 +15 +16 +17 +18 +19 +20 +21 +22 +23 +24 +25 +26 +27 +28 -29 -106 +100 +120 -112 -45 -37 +88 -103 +72 -85 -60 +70 -35 -65 -75 -83 +31 -86 +79 +95 -34 +87 +109 -119 -54 +43 +123 +41 -113 -80 +67 +104 +58 -33 +97 -50 +121 +93 +74 +82 +107 +52 -48 +110 -46 +73 +57 +64 +116 +111 -98 -32 -114 -30 -115 -84 -71 +94 -99 +96 +44 -68 +102 -78 +118 +69 +39 -42 +105 +92 +81 +36 -62 +117 +90 +38 -77 +53 +108 +101 +122 +40 -56 -63 -47 +55 +61 -76 -51 +49 -59 +66 -91 +89)
(+1 +2 +3 +4 +5 +6 +7 +8 +9 +10 +11 +12 +13 +14 +15 +16 +17 +18 +19 +20 +21 +22 +23 +24 +25 +26 +27 +28 +29 -106 +100 +120 -112 -45 -37 +88 -103 +72 -85 -60 +70 -35 -65 -75 -83 +31 -86 +79 +95 -34 +87 +109 -119 -54 +43 +123 +41 -113 -80 +67 +104 +58 -33 +97 -50 +121 +93 +74 +82 +107 +52 -48 +110 -46 +73 +57 +64 +116 +111 -98 -32 -114 -30 -115 -84 -71 +94 -99 +96 +44 -68 +102 -78 +118 +69 +39 -42 +105 +92 +81 +36 -62 +117 +90 +38 -77 +53 +108 +101 +122 +40 -56 -63 -47 +55 +61 -76 -51 +49 -59 +66 -91 +89)
(+1 +2 +3 +4 +5 +6 +7 +8 +9 +10 +11 +12 +13 +14 +15 +16 +17 +18 +19 +20 +21 +22 +23 +24 +25 +26 +27 +28 +29 +30 +114 +32 +98 -111 -116 -64 -57 -73 +46 -110 +48 -52 -107 -82 -74 -93 -121 +50 -97 +33 -58 -104 -67 +80 +113 -41 -123 -43 +54 +119 -109 -87 +34 -95 -79 +86 -31 +83 +75 +65 +35 -70 +60 +85 -72 +103 -88 +37 +45 +112 -120 -100 +106 -115 -84 -71 +94 -99 +96 +44 -68 +102 -78 +118 +69 +39 -42 +105 +92 +81 +36 -62 +117 +90 +38 -77 +53 +108 +101 +122 +40 -56 -63 -47 +55 +61 -76 -51 +49 -59 +66 -91 +89)
(+1 +2 +3 +4 +5 +6 +7 +8 +9 +10 +11 +12 +13 +14 +15 +16 +17 +18 +19 +20 +21 +22 +23 +24 +25 +26 +27 +28 +29 +30 +31 -86 +79 +95 -34 +87 +109 -119 -54 +43 +123 +41 -113 -80 +67 +104 +58 -33 +97 -50 +121 +93 +74 +82 +107 +52 -48 +110 -46 +73 +57 +64 +116 +111 -98 -32 -114 +83 +75 +65 +35 -70 +60 +85 -72 +103 -88 +37 +45 +112 -120 -100 +106 -115 -84 -71 +94 -99 +96 +44 -68 +102 -78 +118 +69 +39 -42 +105 +92 +81 +36 -62 +117 +90 +38 -77 +53 +108 +101 +122 +40 -56 -63 -47 +55 +61 -76 -51 +49 -59 +66 -91 +89)
(+1 +2 +3 +4 +5 +6 +7 +8 +9 +10 +11 +12 +13 +14 +15 +16 +17 +18 +19 +20 +21 +22 +23 +24 +25 +26 +27 +28 +29 +30 +31 +32 +98 -111 -116 -64 -57 -73 +46 -110 +48 -52 -107 -82 -74 -93 -121 +50 -97 +33 -58 -104 -67 +80 +113 -41 -123 -43 +54 +119 -109 -87 +34 -95 -79 +86 -114 +83 +75 +65 +35 -70 +60 +85 -72 +103 -88 +37 +45 +112 -120 -100 +106 -115 -84 -71 +94 -99 +96 +44 -68 +102 -78 +118 +69 +39 -42 +105 +92 +81 +36 -62 +117 +90 +38 -77 +53 +108 +101 +122 +40 -56 -63 -47 +55 +61 -76 -51 +49 -59 +66 -91 +89)
(+1 +2 +3 +4 +5 +6 +7 +8 +9 +10 +11 +12 +13 +14 +15 +16 +17 +18 +19 +20 +21 +22 +23 +24 +25 +26 +27 +28 +29 +30 +31 +32 -33 +97 -50 +121 +93 +74 +82 +107 +52 -48 +110 -46 +73 +57 +64 +116 +111 -98 -58 -104 -67 +80 +113 -41 -123 -43 +54 +119 -109 -87 +34 -95 -79 +86 -114 +83 +75 +65 +35 -70 +60 +85 -72 +103 -88 +37 +45 +112 -120 -100 +106 -115 -84 -71 +94 -99 +96 +44 -68 +102 -78 +118 +69 +39 -42 +105 +92 +81 +36 -62 +117 +90 +38 -77 +53 +108 +101 +122 +40 -56 -63 -47 +55 +61 -76 -51 +49 -59 +66 -91 +89)
(+1 +2 +3 +4 +5 +6 +7 +8 +9 +10 +11 +12 +13 +14 +15 +16 +17 +18 +19 +20 +21 +22 +23 +24 +25 +26 +27 +28 +29 +30 +31 +32 +33 +97 -50 +121 +93 +74 +82 +107 +52 -48 +110 -46 +73 +57 +64 +116 +111 -98 -58 -104 -67 +80 +113 -41 -123 -43 +54 +119 -109 -87 +34 -95 -79 +86 -114 +83 +75 +65 +35 -70 +60 +85 -72 +103 -88 +37 +45 +112 -120 -100 +106 -115 -84 -71 +94 -99 +96 +44 -68 +102 -78 +118 +69 +39 -42 +105 +92 +81 +36 -62 +117 +90 +38 -77 +53 +108 +101 +122 +40 -56 -63 -47 +55 +61 -76 -51 +49 -59 +66 -91 +89)
(+1 +2 +3 +4 +5 +6 +7 +8 +9 +10 +11 +12 +13 +14 +15 +16 +17 +18 +19 +20 +21 +22 +23 +24 +25 +26 +27 +28 +29 +30 +31 +32 +33 -34 +87 +109 -119 -54 +43 +123 +41 -113 -80 +67 +104 +58 +98 -111 -116 -64 -57 -73 +46 -110 +48 -52 -107 -82 -74 -93 -121 +50 -97 -95 -79 +86 -114 +83 +75 +65 +35 -70 +60 +85 -72 +103 -88 +37 +45 +112 -120 -100 +106 -115 -84 -71 +94 -99 +96 +44 -68 +102 -78 +118 +69 +39 -42 +105 +92 +81 +36 -62 +117 +90 +38 -77 +53 +108 +101 +122 +40 -56 -63 -47 +55 +61 -76 -51 +49 -59 +66 -91 +89)
(+1 +2 +3 +4 +5 +6 +7 +8 +9 +10 +11 +12 +13 +14 +15 +16 +17 +18 +19 +20 +21 +22 +23 +24 +25 +26 +27 +28 +29 +30 +31 +32 +33 +34 +87 +109 -119 -54 +43 +123 +41 -113 -80 +67 +104 +58 +98 -111 -116 -64 -57 -73 +46 -110 +48 -52 -107 -82 -74 -93 -121 +50 -97 -95 -79 +86 -114 +83 +75 +65 +35 -70 +60 +85 -72 +103 -88 +37 +45 +112 -120 -100 +106 -115 -84 -71 +94 -99 +96 +44 -68 +102 -78 +118 +69 +39 -42 +105 +92 +81 +36 -62 +117 +90 +38 -77 +53 +108 +101 +122 +40 -56 -63 -47 +55 +61 -76 -51 +49 -59 +66 -91 +89)
(+1 +2 +3 +4 +5 +6 +7 +8 +9 +10 +11 +12 +13 +14 +15 +16 +17 +18 +19 +20 +21 +22 +23 +24 +25 +26 +27 +28 +29 +30 +31 +32 +33 +34 -35 -65 -75 -83 +114 -86 +79 +95 +97 -50 +121 +93 +74 +82 +107 +52 -48 +110 -46 +73 +57 +64 +116 +111 -98 -58 -104 -67 +80 +113 -41 -123 -43 +54 +119 -109 -87 -70 +60 +85 -72 +103 -88 +37 +45 +112 -120 -100 +106 -115 -84 -71 +94 -99 +96 +44 -68 +102 -78 +118 +69 +39 -42 +105 +92 +81 +36 -62 +117 +90 +38 -77 +53 +108 +101 +122 +40 -56 -63 -47 +55 +61 -76 -51 +49 -59 +66 -91 +89)
(+1 +2 +3 +4 +5 +6 +7 +8 +9 +10 +11 +12 +13 +14 +15 +16 +17 +18 +19 +20 +21 +22 +23 +24 +25 +26 +27 +28 +29 +30 +31 +32 +33 +34 +35 -65 -75 -83 +114 -86 +79 +95 +97 -50 +121 +93 +74 +82 +107 +52 -48 +110 -46 +73 +57 +64 +116 +111 -98 -58 -104 -67 +80 +113 -41 -123 -43 +54 +119 -109 -87 -70 +60 +85 -72 +103 -88 +37 +45 +112 -120 -100 +106 -115 -84 -71 +94 -99 +96 +44 -68 +102 -78 +118 +69 +39 -42 +105 +92 +81 +36 -62 +117 +90 +38 -77 +53 +108 +101 +122 +40 -56 -63 -47 +55 +61 -76 -51 +49 -59 +66 -91 +89)
(+1 +2 +3 +4 +5 +6 +7 +8 +9 +10 +11 +12 +13 +14 +15 +16 +17 +18 +19 +20 +21 +22 +23 +24 +25 +26 +27 +28 +29 +30 +31 +32 +33 +34 +35 -36 -81 -92 -105 +42 -39 -69 -118 +78 -102 +68 -44 -96 +99 -94 +71 +84 +115 -106 +100 +120 -112 -45 -37 +88 -103 +72 -85 -60 +70 +87 +109 -119 -54 +43 +123 +41 -113 -80 +67 +104 +58 +98 -111 -116 -64 -57 -73 +46 -110 +48 -52 -107 -82 -74 -93 -121 +50 -97 -95 -79 +86 -114 +83 +75 +65 -62 +117 +90 +38 -77 +53 +108 +101 +122 +40 -56 -63 -47 +55 +61 -76 -51 +49 -59 +66 -91 +89)
(+1 +2 +3 +4 +5 +6 +7 +8 +9 +10 +11 +12 +13 +14 +15 +16 +17 +18 +19 +20 +21 +22 +23 +24 +25 +26 +27 +28 +29 +30 +31 +32 +33 +34 +35 +36 -81 -92 -105 +42 -39 -69 -118 +78 -102 +68 -44 -96 +99 -94 +71 +84 +115 -106 +100 +120 -112 -45 -37 +88 -103 +72 -85 -60 +70 +87 +109 -119 -54 +43 +123 +41 -113 -80 +67 +104 +58 +98 -111 -116 -64 -57 -73 +46 -110 +48 -52 -107 -82 -74 -93 -121 +50 -97 -95 -79 +86 -114 +83 +75 +65 -62 +117 +90 +38 -77 +53 +108 +101 +122 +40 -56 -63 -47 +55 +61 -76 -51 +49 -59 +66 -91 +89)
(+1 +2 +3 +4 +5 +6 +7 +8 +9 +10 +11 +12 +13 +14 +15 +16 +17 +18 +19 +20 +21 +22 +23 +24 +25 +26 +27 +28 +29 +30 +31 +32 +33 +34 +35 +36 +37 +45 +112 -120 -100 +106 -115 -84 -71 +94 -99 +96 +44 -68 +102 -78 +118 +69 +39 -42 +105 +92 +81 +88 -103 +72 -85 -60 +70 +87 +109 -119 -54 +43 +123 +41 -113 -80 +67 +104 +58 +98 -111 -116 -64 -57 -73 +46 -110 +48 -52 -107 -82 -74 -93 -121 +50 -97 -95 -79 +86 -114 +83 +75 +65 -62 +117 +90 +38 -77 +53 +108 +101 +122 +40 -56 -63 -47 +55 +61 -76 -51 +49 -59 +66 -91 +89)
(+1 +2 +3 +4 +5 +6 +7 +8 +9 +10 +11 +12 +13 +14 +15 +16 +17 +18 +19 +20 +21 +22 +23 +24 +25 +26 +27 +28 +29 +30 +31 +32 +33 +34 +35 +36 +37 -38 -90 -117 +62 -65 -75 -83 +114 -86 +79 +95 +97 -50 +121 +93 +74 +82 +107 +52 -48 +110 -46 +73 +57 +64 +116 +111 -98 -58 -104 -67 +80 +113 -41 -123 -43 +54 +119 -109 -87 -70 +60 +85 -72 +103 -88 -81 -92 -105 +42 -39 -69 -118 +78 -102 +68 -44 -96 +99 -94 +71 +84 +115 -106 +100 +120 -112 -45 -77 +53 +108 +101 +122 +40 -56 -63 -47 +55 +61 -76 -51 +49 -59 +66 -91 +89)
(+1 +2 +3 +4 +5 +6 +7 +8 +9 +10 +11 +12 +13 +14 +15 +16 +17 +18 +19 +20 +21 +22 +23 +24 +25 +26 +27 +28 +29 +30 +31 +32 +33 +34 +35 +36 +37 +38 -90 -117 +62 -65 -75 -83 +114 -86 +79 +95 +97 -50 +121 +93 +74 +82 +107 +52 -48 +110 -46 +73 +57 +64 +116 +111 -98 -58 -104 -67 +80 +113 -41 -123 -43 +54 +119 -109 -87 -70 +60 +85 -72 +103 -88 -81 -92 -105 +42 -39 -69 -118 +78 -102 +68 -44 -96 +99 -94 +71 +84 +115 -106 +100 +120 -112 -45 -77 +53 +108 +101 +122 +40 -56 -63 -47 +55 +61 -76 -51 +49 -59 +66 -91 +89)
(+1 +2 +3 +4 +5 +6 +7 +8 +9 +10 +11 +12 +13 +14 +15 +16 +17 +18 +19 +20 +21 +22 +23 +24 +25 +26 +27 +28 +29 +30 +31 +32 +33 +34 +35 +36 +37 +38 +39 -42 +105 +92 +81 +88 -103 +72 -85 -60 +70 +87 +109 -119 -54 +43 +123 +41 -113 -80 +67 +104 +58 +98 -111 -116 -64 -57 -73 +46 -110 +48 -52 -107 -82 -74 -93 -121 +50 -97 -95 -79 +86 -114 +83 +75 +65 -62 +117 +90 -69 -118 +78 -102 +68 -44 -96 +99 -94 +71 +84 +115 -106 +100 +120 -112 -45 -77 +53 +108 +101 +122 +40 -56 -63 -47 +55 +61 -76 -51 +49 -59 +66 -91 +89)
(+1 +2 +3 +4 +5 +6 +7 +8 +9 +10 +11 +12 +13 +14 +15 +16 +17 +18 +19 +20 +21 +22 +23 +24 +25 +26 +27 +28 +29 +30 +31 +32 +33 +34 +35 +36 +37 +38 +39 -40 -122 -101 -108 -53 +77 +45 +112 -120 -100 +106 -115 -84 -71 +94 -99 +96 +44 -68 +102 -78 +118 +69 -90 -117 +62 -65 -75 -83 +114 -86 +79 +95 +97 -50 +121 +93 +74 +82 +107 +52 -48 +110 -46 +73 +57 +64 +116 +111 -98 -58 -104 -67 +80 +113 -41 -123 -43 +54 +119 -109 -87 -70 +60 +85 -72 +103 -88 -81 -92 -105 +42 -56 -63 -47 +55 +61 -76 -51 +49 -59 +66 -91 +89)
(+1 +2 +3 +4 +5 +6 +7 +8 +9 +10 +11 +12 +13 +14 +15 +16 +17 +18 +19 +20 +21 +22 +23 +24 +25 +26 +27 +28 +29 +30 +31 +32 +33 +34 +35 +36 +37 +38 +39 +40 -122 -101 -108 -53 +77 +45 +112 -120 -100 +106 -115 -84 -71 +94 -99 +96 +44 -68 +102 -78 +118 +69 -90 -117 +62 -65 -75 -83 +114 -86 +79 +95 +97 -50 +121 +93 +74 +82 +107 +52 -48 +110 -46 +73 +57 +64 +116 +111 -98 -58 -104 -67 +80 +113 -41 -123 -43 +54 +119 -109 -87 -70 +60 +85 -72 +103 -88 -81 -92 -105 +42 -56 -63 -47 +55 +61 -76 -51 +49 -59 +66 -91 +89)
(+1 +2 +3 +4 +5 +6 +7 +8 +9 +10 +11 +12 +13 +14 +15 +16 +17 +18 +19 +20 +21 +22 +23 +24 +25 +26 +27 +28 +29 +30 +31 +32 +33 +34 +35 +36 +37 +38 +39 +40 +41 -113 -80 +67 +104 +58 +98 -111 -116 -64 -57 -73 +46 -110 +48 -52 -107 -82 -74 -93 -121 +50 -97 -95 -79 +86 -114 +83 +75 +65 -62 +117 +90 -69 -118 +78 -102 +68 -44 -96 +99 -94 +71 +84 +115 -106 +100 +120 -112 -45 -77 +53 +108 +101 +122 -123 -43 +54 +119 -109 -87 -70 +60 +85 -72 +103 -88 -81 -92 -105 +42 -56 -63 -47 +55 +61 -76 -51 +49 -59 +66 -91 +89)
(+1 +2 +3 +4 +5 +6 +7 +8 +9 +10 +11 +12 +13 +14 +15 +16 +17 +18 +19 +20 +21 +22 +23 +24 +25 +26 +27 +28 +29 +30 +31 +32 +33 +34 +35 +36 +37 +38 +39 +40 +41 -42 +105 +92 +81 +88 -103 +72 -85 -60 +70 +87 +109 -119 -54 +43 +123 -122 -101 -108 -53 +77 +45 +112 -120 -100 +106 -115 -84 -71 +94 -99 +96 +44 -68 +102 -78 +118 +69 -90 -117 +62 -65 -75 -83 +114 -86 +79 +95 +97 -50 +121 +93 +74 +82 +107 +52 -48 +110 -46 +73 +57 +64 +116 +111 -98 -58 -104 -67 +80 +113 -56 -63 -47 +55 +61 -76 -51 +49 -59 +66 -91 +89)
(+1 +2 +3 +4 +5 +6 +7 +8 +9 +10 +11 +12 +13 +14 +15 +16 +17 +18 +19 +20 +21 +22 +23 +24 +25 +26 +27 +28 +29 +30 +31 +32 +33 +34 +35 +36 +37 +38 +39 +40 +41 +42 +105 +92 +81 +88 -103 +72 -85 -60 +70 +87 +109 -119 -54 +43 +123 -122 -101 -108 -53 +77 +45 +112 -120 -100 +106 -115 -84 -71 +94 -99 +96 +44 -68 +102 -78 +118 +69 -90 -117 +62 -65 -75 -83 +114 -86 +79 +95 +97 -50 +121 +93 +74 +82 +107 +52 -48 +110 -46 +73 +57 +64 +116 +111 -98 -58 -104 -67 +80 +113 -56 -63 -47 +55 +61 -76 -51 +49 -59 +66 -91 +89)
(+1 +2 +3 +4 +5 +6 +7 +8 +9 +10 +11 +12 +13 +14 +15 +16 +17 +18 +19 +20 +21 +22 +23 +24 +25 +26 +27 +28 +29 +30 +31 +32 +33 +34 +35 +36 +37 +38 +39 +40 +41 +42 -43 +54 +119 -109 -87 -70 +60 +85 -72 +103 -88 -81 -92 -105 +123 -122 -101 -108 -53 +77 +45 +112 -120 -100 +106 -115 -84 -71 +94 -99 +96 +44 -68 +102 -78 +118 +69 -90 -117 +62 -65 -75 -83 +114 -86 +79 +95 +97 -50 +121 +93 +74 +82 +107 +52 -48 +110 -46 +73 +57 +64 +116 +111 -98 -58 -104 -67 +80 +113 -56 -63 -47 +55 +61 -76 -51 +49 -59 +66 -91 +89)
(+1 +2 +3 +4 +5 +6 +7 +8 +9 +10 +11 +12 +13 +14 +15 +16 +17 +18 +19 +20 +21 +22 +23 +24 +25 +26 +27 +28 +29 +30 +31 +32 +33 +34 +35 +36 +37 +38 +39 +40 +41 +42 +43 +54 +119 -109 -87 -70 +60 +85 -72 +103 -88 -81 -92 -105 +123 -122 -101 -108 -53 +77 +45 +112 -120 -100 +106 -115 -84 -71 +94 -99 +96 +44 -68 +102 -78 +118 +69 -90 -117 +62 -65 -75 -83 +114 -86 +79 +95 +97 -50 +121 +93 +74 +82 +107 +52 -48 +110 -46 +73 +57 +64 +116 +111 -98 -58 -104 -67 +80 +113 -56 -63 -47 +55 +61 -76 -51 +49 -59 +66 -91 +89)
(+1 +2 +3 +4 +5 +6 +7 +8 +9 +10 +11 +12 +13 +14 +15 +16 +17 +18 +19 +20 +21 +22 +23 +24 +25 +26 +27 +28 +29 +30 +31 +32 +33 +34 +35 +36 +37 +38 +39 +40 +41 +42 +43 -44 -96 +99 -94 +71 +84 +115 -106 +100 +120 -112 -45 -77 +53 +108 +101 +122 -123 +105 +92 +81 +88 -103 +72 -85 -60 +70 +87 +109 -119 -54 -68 +102 -78 +118 +69 -90 -117 +62 -65 -75 -83 +114 -86 +79 +95 +97 -50 +121 +93 +74 +82 +107 +52 -48 +110 -46 +73 +57 +64 +116 +111 -98 -58 -104 -67 +80 +113 -56 -63 -47 +55 +61 -76 -51 +49 -59 +66 -91 +89)
(+1 +2 +3 +4 +5 +6 +7 +8 +9 +10 +11 +12 +13 +14 +15 +16 +17 +18 +19 +20 +21 +22 +23 +24 +25 +26 +27 +28 +29 +30 +31 +32 +33 +34 +35 +36 +37 +38 +39 +40 +41 +42 +43 +44 -96 +99 -94 +71 +84 +115 -106 +100 +120 -112 -45 -77 +53 +108 +101 +122 -123 +105 +92 +81 +88 -103 +72 -85 -60 +70 +87 +109 -119 -54 -68 +102 -78 +118 +69 -90 -117 +62 -65 -75 -83 +114 -86 +79 +95 +97 -50 +121 +93 +74 +82 +107 +52 -48 +110 -46 +73 +57 +64 +116 +111 -98 -58 -104 -67 +80 +113 -56 -63 -47 +55 +61 -76 -51 +49 -59 +66 -91 +89)
(+1 +2 +3 +4 +5 +6 +7 +8 +9 +10 +11 +12 +13 +14 +15 +16 +17 +18 +19 +20 +21 +22 +23 +24 +25 +26 +27 +28 +29 +30 +31 +32 +33 +34 +35 +36 +37 +38 +39 +40 +41 +42 +43 +44 +45 +112 -120 -100 +106 -115 -84 -71 +94 -99 +96 -77 +53 +108 +101 +122 -123 +105 +92 +81 +88 -103 +72 -85 -60 +70 +87 +109 -119 -54 -68 +102 -78 +118 +69 -90 -117 +62 -65 -75 -83 +114 -86 +79 +95 +97 -50 +121 +93 +74 +82 +107 +52 -48 +110 -46 +73 +57 +64 +116 +111 -98 -58 -104 -67 +80 +113 -56 -63 -47 +55 +61 -76 -51 +49 -59 +66 -91 +89)
(+1 +2 +3 +4 +5 +6 +7 +8 +9 +10 +11 +12 +13 +14 +15 +16 +17 +18 +19 +20 +21 +22 +23 +24 +25 +26 +27 +28 +29 +30 +31 +32 +33 +34 +35 +36 +37 +38 +39 +40 +41 +42 +43 +44 +45 +46 -110 +48 -52 -107 -82 -74 -93 -121 +50 -97 -95 -79 +86 -114 +83 +75 +65 -62 +117 +90 -69 -118 +78 -102 +68 +54 +119 -109 -87 -70 +60 +85 -72 +103 -88 -81 -92 -105 +123 -122 -101 -108 -53 +77 -96 +99 -94 +71 +84 +115 -106 +100 +120 -112 +73 +57 +64 +116 +111 -98 -58 -104 -67 +80 +113 -56 -63 -47 +55 +61 -76 -51 +49 -59 +66 -91 +89)
(+1 +2 +3 +4 +5 +6 +7 +8 +9 +10 +11 +12 +13 +14 +15 +16 +17 +18 +19 +20 +21 +22 +23 +24 +25 +26 +27 +28 +29 +30 +31 +32 +33 +34 +35 +36 +37 +38 +39 +40 +41 +42 +43 +44 +45 +46 +47 +63 +56 -113 -80 +67 +104 +58 +98 -111 -116 -64 -57 -73 +112 -120 -100 +106 -115 -84 -71 +94 -99 +96 -77 +53 +108 +101 +122 -123 +105 +92 +81 +88 -103 +72 -85 -60 +70 +87 +109 -119 -54 -68 +102 -78 +118 +69 -90 -117 +62 -65 -75 -83 +114 -86 +79 +95 +97 -50 +121 +93 +74 +82 +107 +52 -48 +110 +55 +61 -76 -51 +49 -59 +66 -91 +89)
(+1 +2 +3 +4 +5 +6 +7 +8 +9 +10 +11 +12 +13 +14 +15 +16 +17 +18 +19 +20 +21 +22 +23 +24 +25 +26 +27 +28 +29 +30 +31 +32 +33 +34 +35 +36 +37 +38 +39 +40 +41 +42 +43 +44 +45 +46 +47 +48 -52 -107 -82 -74 -93 -121 +50 -97 -95 -79 +86 -114 +83 +75 +65 -62 +117 +90 -69 -118 +78 -102 +68 +54 +119 -109 -87 -70 +60 +85 -72 +103 -88 -81 -92 -105 +123 -122 -101 -108 -53 +77 -96 +99 -94 +71 +84 +115 -106 +100 +120 -112 +73 +57 +64 +116 +111 -98 -58 -104 -67 +80 +113 -56 -63 +110 +55 +61 -76 -51 +49 -59 +66 -91 +89)
(+1 +2 +3 +4 +5 +6 +7 +8 +9 +10 +11 +12 +13 +14 +15 +16 +17 +18 +19 +20 +21 +22 +23 +24 +25 +26 +27 +28 +29 +30 +31 +32 +33 +34 +35 +36 +37 +38 +39 +40 +41 +42 +43 +44 +45 +46 +47 +48 -49 +51 +76 -61 -55 -110 +63 +56 -113 -80 +67 +104 +58 +98 -111 -116 -64 -57 -73 +112 -120 -100 +106 -115 -84 -71 +94 -99 +96 -77 +53 +108 +101 +122 -123 +105 +92 +81 +88 -103 +72 -85 -60 +70 +87 +109 -119 -54 -68 +102 -78 +118 +69 -90 -117 +62 -65 -75 -83 +114 -86 +79 +95 +97 -50 +121 +93 +74 +82 +107 +52 -59 +66 -91 +89)
(+1 +2 +3 +4 +5 +6 +7 +8 +9 +10 +11 +12 +13 +14 +15 +16 +17 +18 +19 +20 +21 +22 +23 +24 +25 +26 +27 +28 +29 +30 +31 +32 +33 +34 +35 +36 +37 +38 +39 +40 +41 +42 +43 +44 +45 +46 +47 +48 +49 +51 +76 -61 -55 -110 +63 +56 -113 -80 +67 +104 +58 +98 -111 -116 -64 -57 -73 +112 -120 -100 +106 -115 -84 -71 +94 -99 +96 -77 +53 +108 +101 +122 -123 +105 +92 +81 +88 -103 +72 -85 -60 +70 +87 +109 -119 -54 -68 +102 -78 +118 +69 -90 -117 +62 -65 -75 -83 +114 -86 +79 +95 +97 -50 +121 +93 +74 +82 +107 +52 -59 +66 -91 +89)
(+1 +2 +3 +4 +5 +6 +7 +8 +9 +10 +11 +12 +13 +14 +15 +16 +17 +18 +19 +20 +21 +22 +23 +24 +25 +26 +27 +28 +29 +30 +31 +32 +33 +34 +35 +36 +37 +38 +39 +40 +41 +42 +43 +44 +45 +46 +47 +48 +49 +50 -97 -95 -79 +86 -114 +83 +75 +65 -62 +117 +90 -69 -118 +78 -102 +68 +54 +119 -109 -87 -70 +60 +85 -72 +103 -88 -81 -92 -105 +123 -122 -101 -108 -53 +77 -96 +99 -94 +71 +84 +115 -106 +100 +120 -112 +73 +57 +64 +116 +111 -98 -58 -104 -67 +80 +113 -56 -63 +110 +55 +61 -76 -51 +121 +93 +74 +82 +107 +52 -59 +66 -91 +89)
(+1 +2 +3 +4 +5 +6 +7 +8 +9 +10 +11 +12 +13 +14 +15 +16 +17 +18 +19 +20 +21 +22 +23 +24 +25 +26 +27 +28 +29 +30 +31 +32 +33 +34 +35 +36 +37 +38 +39 +40 +41 +42 +43 +44 +45 +46 +47 +48 +49 +50 +51 +76 -61 -55 -110 +63 +56 -113 -80 +67 +104 +58 +98 -111 -116 -64 -57 -73 +112 -120 -100 +106 -115 -84 -71 +94 -99 +96 -77 +53 +108 +101 +122 -123 +105 +92 +81 +88 -103 +72 -85 -60 +70 +87 +109 -119 -54 -68 +102 -78 +118 +69 -90 -117 +62 -65 -75 -83 +114 -86 +79 +95 +97 +121 +93 +74 +82 +107 +52 -59 +66 -91 +89)
(+1 +2 +3 +4 +5 +6 +7 +8 +9 +10 +11 +12 +13 +14 +15 +16 +17 +18 +19 +20 +21 +22 +23 +24 +25 +26 +27 +28 +29 +30 +31 +32 +33 +34 +35 +36 +37 +38 +39 +40 +41 +42 +43 +44 +45 +46 +47 +48 +49 +50 +51 -52 -107 -82 -74 -93 -121 -97 -95 -79 +86 -114 +83 +75 +65 -62 +117 +90 -69 -118 +78 -102 +68 +54 +119 -109 -87 -70 +60 +85 -72 +103 -88 -81 -92 -105 +123 -122 -101 -108 -53 +77 -96 +99 -94 +71 +84 +115 -106 +100 +120 -112 +73 +57 +64 +116 +111 -98 -58 -104 -67 +80 +113 -56 -63 +110 +55 +61 -76 -59 +66 -91 +89)
(+1 +2 +3 +4 +5 +6 +7 +8 +9 +10 +11 +12 +13 +14 +15 +16 +17 +18 +19 +20 +21 +22 +23 +24 +25 +26 +27 +28 +29 +30 +31 +32 +33 +34 +35 +36 +37 +38 +39 +40 +41 +42 +43 +44 +45 +46 +47 +48 +49 +50 +51 +52 -107 -82 -74 -93 -121 -97 -95 -79 +86 -114 +83 +75 +65 -62 +117 +90 -69 -118 +78 -102 +68 +54 +119 -109 -87 -70 +60 +85 -72 +103 -88 -81 -92 -105 +123 -122 -101 -108 -53 +77 -96 +99 -94 +71 +84 +115 -106 +100 +120 -112 +73 +57 +64 +116 +111 -98 -58 -104 -67 +80 +113 -56 -63 +110 +55 +61 -76 -59 +66 -91 +89)
(+1 +2 +3 +4 +5 +6 +7 +8 +9 +10 +11 +12 +13 +14 +15 +16 +17 +18 +19 +20 +21 +22 +23 +24 +25 +26 +27 +28 +29 +30 +31 +32 +33 +34 +35 +36 +37 +38 +39 +40 +41 +42 +43 +44 +45 +46 +47 +48 +49 +50 +51 +52 +53 +108 +101 +122 -123 +105 +92 +81 +88 -103 +72 -85 -60 +70 +87 +109 -119 -54 -68 +102 -78 +118 +69 -90 -117 +62 -65 -75 -83 +114 -86 +79 +95 +97 +121 +93 +74 +82 +107 +77 -96 +99 -94 +71 +84 +115 -106 +100 +120 -112 +73 +57 +64 +116 +111 -98 -58 -104 -67 +80 +113 -56 -63 +110 +55 +61 -76 -59 +66 -91 +89)
(+1 +2 +3 +4 +5 +6 +7 +8 +9 +10 +11 +12 +13 +14 +15 +16 +17 +18 +19 +20 +21 +22 +23 +24 +25 +26 +27 +28 +29 +30 +31 +32 +33 +34 +35 +36 +37 +38 +39 +40 +41 +42 +43 +44 +45 +46 +47 +48 +49 +50 +51 +52 +53 +54 +119 -109 -87 -70 +60 +85 -72 +103 -88 -81 -92 -105 +123 -122 -101 -108 -68 +102 -78 +118 +69 -90 -117 +62 -65 -75 -83 +114 -86 +79 +95 +97 +121 +93 +74 +82 +107 +77 -96 +99 -94 +71 +84 +115 -106 +100 +120 -112 +73 +57 +64 +116 +111 -98 -58 -104 -67 +80 +113 -56 -63 +110 +55 +61 -76 -59 +66 -91 +89)
(+1 +2 +3 +4 +5 +6 +7 +8 +9 +10 +11 +12 +13 +14 +15 +16 +17 +18 +19 +20 +21 +22 +23 +24 +25 +26 +27 +28 +29 +30 +31 +32 +33 +34 +35 +36 +37 +38 +39 +40 +41 +42 +43 +44 +45 +46 +47 +48 +49 +50 +51 +52 +53 +54 -55 -110 +63 +56 -113 -80 +67 +104 +58 +98 -111 -116 -64 -57 -73 +112 -120 -100 +106 -115 -84 -71 +94 -99 +96 -77 -107 -82 -74 -93 -121 -97 -95 -79 +86 -114 +83 +75 +65 -62 +117 +90 -69 -118 +78 -102 +68 +108 +101 +122 -123 +105 +92 +81 +88 -103 +72 -85 -60 +70 +87 +109 -119 +61 -76 -59 +66 -91 +89)
(+1 +2 +3 +4 +5 +6 +7 +8 +9 +10 +11 +12 +13 +14 +15 +16 +17 +18 +19 +20 +21 +22 +23 +24 +25 +26 +27 +28 +29 +30 +31 +32 +33 +34 +35 +36 +37 +38 +39 +40 +41 +42 +43 +44 +45 +46 +47 +48 +49 +50 +51 +52 +53 +54 +55 -110 +63 +56 -113 -80 +67 +104 +58 +98 -111 -116 -64 -57 -73 +112 -120 -100 +106 -115 -84 -71 +94 -99 +96 -77 -107 -82 -74 -93 -121 -97 -95 -79 +86 -114 +83 +75 +65 -62 +117 +90 -69 -118 +78 -102 +68 +108 +101 +122 -123 +105 +92 +81 +88 -103 +72 -85 -60 +70 +87 +109 -119 +61 -76 -59 +66 -91 +89)
(+1 +2 +3 +4 +5 +6 +7 +8 +9 +10 +11 +12 +13 +14 +15 +16 +17 +18 +19 +20 +21 +22 +23 +24 +25 +26 +27 +28 +29 +30 +31 +32 +33 +34 +35 +36 +37 +38 +39 +40 +41 +42 +43 +44 +45 +46 +47 +48 +49 +50 +51 +52 +53 +54 +55 -56 -63 +110 -113 -80 +67 +104 +58 +98 -111 -116 -64 -57 -73 +112 -120 -100 +106 -115 -84 -71 +94 -99 +96 -77 -107 -82 -74 -93 -121 -97 -95 -79 +86 -114 +83 +75 +65 -62 +117 +90 -69 -118 +78 -102 +68 +108 +101 +122 -123 +105 +92 +81 +88 -103 +72 -85 -60 +70 +87 +109 -119 +61 -76 -59 +66 -91 +89)
(+1 +2 +3 +4 +5 +6 +7 +8 +9 +10 +11 +12 +13 +14 +15 +16 +17 +18 +19 +20 +21 +22 +23 +24 +25 +26 +27 +28 +29 +30 +31 +32 +33 +34 +35 +36 +37 +38 +39 +40 +41 +42 +43 +44 +45 +46 +47 +48 +49 +50 +51 +52 +53 +54 +55 +56 -63 +110 -113 -80 +67 +104 +58 +98 -111 -116 -64 -57 -73 +112 -120 -100 +106 -115 -84 -71 +94 -99 +96 -77 -107 -82 -74 -93 -121 -97 -95 -79 +86 -114 +83 +75 +65 -62 +117 +90 -69 -118 +78 -102 +68 +108 +101 +122 -123 +105 +92 +81 +88 -103 +72 -85 -60 +70 +87 +109 -119 +61 -76 -59 +66 -91 +89)
(+1 +2 +3 +4 +5 +6 +7 +8 +9 +10 +11 +12 +13 +14 +15 +16 +17 +18 +19 +20 +21 +22 +23 +24 +25 +26 +27 +28 +29 +30 +31 +32 +33 +34 +35 +36 +37 +38 +39 +40 +41 +42 +43 +44 +45 +46 +47 +48 +49 +50 +51 +52 +53 +54 +55 +56 +57 +64 +116 +111 -98 -58 -104 -67 +80 +113 -110 +63 -73 +112 -120 -100 +106 -115 -84 -71 +94 -99 +96 -77 -107 -82 -74 -93 -121 -97 -95 -79 +86 -114 +83 +75 +65 -62 +117 +90 -69 -118 +78 -102 +68 +108 +101 +122 -123 +105 +92 +81 +88 -103 +72 -85 -60 +70 +87 +109 -119 +61 -76 -59 +66 -91 +89)
(+1 +2 +3 +4 +5 +6 +7 +8 +9 +10 +11 +12 +13 +14 +15 +16 +17 +18 +19 +20 +21 +22 +23 +24 +25 +26 +27 +28 +29 +30 +31 +32 +33 +34 +35 +36 +37 +38 +39 +40 +41 +42 +43 +44 +45 +46 +47 +48 +49 +50 +51 +52 +53 +54 +55 +56 +57 +58 +98 -111 -116 -64 -104 -67 +80 +113 -110 +63 -73 +112 -120 -100 +106 -115 -84 -71 +94 -99 +96 -77 -107 -82 -74 -93 -121 -97 -95 -79 +86 -114 +83 +75 +65 -62 +117 +90 -69 -118 +78 -102 +68 +108 +101 +122 -123 +105 +92 +81 +88 -103 +72 -85 -60 +70 +87 +109 -119 +61 -76 -59 +66 -91 +89)
(+1 +2 +3 +4 +5 +6 +7 +8 +9 +10 +11 +12 +13 +14 +15 +16 +17 +18 +19 +20 +21 +22 +23 +24 +25 +26 +27 +28 +29 +30 +31 +32 +33 +34 +35 +36 +37 +38 +39 +40 +41 +42 +43 +44 +45 +46 +47 +48 +49 +50 +51 +52 +53 +54 +55 +56 +57 +58 +59 +76 -61 +119 -109 -87 -70 +60 +85 -72 +103 -88 -81 -92 -105 +123 -122 -101 -108 -68 +102 -78 +118 +69 -90 -117 +62 -65 -75 -83 +114 -86 +79 +95 +97 +121 +93 +74 +82 +107 +77 -96 +99 -94 +71 +84 +115 -106 +100 +120 -112 +73 -63 +110 -113 -80 +67 +104 +64 +116 +111 -98 +66 -91 +89)
(+1 +2 +3 +4 +5 +6 +7 +8 +9 +10 +11 +12 +13 +14 +15 +16 +17 +18 +19 +20 +21 +22 +23 +24 +25 +26 +27 +28 +29 +30 +31 +32 +33 +34 +35 +36 +37 +38 +39 +40 +41 +42 +43 +44 +45 +46 +47 +48 +49 +50 +51 +52 +53 +54 +55 +56 +57 +58 +59 -60 +70 +87 +109 -119 +61 -76 +85 -72 +103 -88 -81 -92 -105 +123 -122 -101 -108 -68 +102 -78 +118 +69 -90 -117 +62 -65 -75 -83 +114 -86 +79 +95 +97 +121 +93 +74 +82 +107 +77 -96 +99 -94 +71 +84 +115 -106 +100 +120 -112 +73 -63 +110 -113 -80 +67 +104 +64 +116 +111 -98 +66 -91 +89)
(+1 +2 +3 +4 +5 +6 +7 +8 +9 +10 +11 +12 +13 +14 +15 +16 +17 +18 +19 +20 +21 +22 +23 +24 +25 +26 +27 +28 +29 +30 +31 +32 +33 +34 +35 +36 +37 +38 +39 +40 +41 +42 +43 +44 +45 +46 +47 +48 +49 +50 +51 +52 +53 +54 +55 +56 +57 +58 +59 +60 +70 +87 +109 -119 +61 -76 +85 -72 +103 -88 -81 -92 -105 +123 -122 -101 -108 -68 +102 -78 +118 +69 -90 -117 +62 -65 -75 -83 +114 -86 +79 +95 +97 +121 +93 +74 +82 +107 +77 -96 +99 -94 +71 +84 +115 -106 +100 +120 -112 +73 -63 +110 -113 -80 +67 +104 +64 +116 +111 -98 +66 -91 +89)
(+1 +2 +3 +4 +5 +6 +7 +8 +9 +10 +11 +12 +13 +14 +15 +16 +17 +18 +19 +20 +21 +22 +23 +24 +25 +26 +27 +28 +29 +30 +31 +32 +33 +34 +35 +36 +37 +38 +39 +40 +41 +42 +43 +44 +45 +46 +47 +48 +49 +50 +51 +52 +53 +54 +55 +56 +57 +58 +59 +60 -61 +119 -109 -87 -70 -76 +85 -72 +103 -88 -81 -92 -105 +123 -122 -101 -108 -68 +102 -78 +118 +69 -90 -117 +62 -65 -75 -83 +114 -86 +79 +95 +97 +121 +93 +74 +82 +107 +77 -96 +99 -94 +71 +84 +115 -106 +100 +120 -112 +73 -63 +110 -113 -80 +67 +104 +64 +116 +111 -98 +66 -91 +89)
(+1 +2 +3 +4 +5 +6 +7 +8 +9 +10 +11 +12 +13 +14 +15 +16 +17 +18 +19 +20 +21 +22 +23 +24 +25 +26 +27 +28 +29 +30 +31 +32 +33 +34 +35 +36 +37 +38 +39 +40 +41 +42 +43 +44 +45 +46 +47 +48 +49 +50 +51 +52 +53 +54 +55 +56 +57 +58 +59 +60 +61 +119 -109 -87 -70 -76 +85 -72 +103 -88 -81 -92 -105 +123 -122 -101 -108 -68 +102 -78 +118 +69 -90 -117 +62 -65 -75 -83 +114 -86 +79 +95 +97 +121 +93 +74 +82 +107 +77 -96 +99 -94 +71 +84 +115 -106 +100 +120 -112 +73 -63 +110 -113 -80 +67 +104 +64 +116 +111 -98 +66 -91 +89)
(+1 +2 +3 +4 +5 +6 +7 +8 +9 +10 +11 +12 +13 +14 +15 +16 +17 +18 +19 +20 +21 +22 +23 +24 +25 +26 +27 +28 +29 +30 +31 +32 +33 +34 +35 +36 +37 +38 +39 +40 +41 +42 +43 +44 +45 +46 +47 +48 +49 +50 +51 +52 +53 +54 +55 +56 +57 +58 +59 +60 +61 -62 +117 +90 -69 -118 +78 -102 +68 +108 +101 +122 -123 +105 +92 +81 +88 -103 +72 -85 +76 +70 +87 +109 -119 -65 -75 -83 +114 -86 +79 +95 +97 +121 +93 +74 +82 +107 +77 -96 +99 -94 +71 +84 +115 -106 +100 +120 -112 +73 -63 +110 -113 -80 +67 +104 +64 +116 +111 -98 +66 -91 +89)
(+1 +2 +3 +4 +5 +6 +7 +8 +9 +10 +11 +12 +13 +14 +15 +16 +17 +18 +19 +20 +21 +22 +23 +24 +25 +26 +27 +28 +29 +30 +31 +32 +33 +34 +35 +36 +37 +38 +39 +40 +41 +42 +43 +44 +45 +46 +47 +48 +49 +50 +51 +52 +53 +54 +55 +56 +57 +58 +59 +60 +61 +62 +117 +90 -69 -118 +78 -102 +68 +108 +101 +122 -123 +105 +92 +81 +88 -103 +72 -85 +76 +70 +87 +109 -119 -65 -75 -83 +114 -86 +79 +95 +97 +121 +93 +74 +82 +107 +77 -96 +99 -94 +71 +84 +115 -106 +100 +120 -112 +73 -63 +110 -113 -80 +67 +104 +64 +116 +111 -98 +66 -91 +89)
(+1 +2 +3 +4 +5 +6 +7 +8 +9 +10 +11 +12 +13 +14 +15 +16 +17 +18 +19 +20 +21 +22 +23 +24 +25 +26 +27 +28 +29 +30 +31 +32 +33 +34 +35 +36 +37 +38 +39 +40 +41 +42 +43 +44 +45 +46 +47 +48 +49 +50 +51 +52 +53 +54 +55 +56 +57 +58 +59 +60 +61 +62 +63 -73 +112 -120 -100 +106 -115 -84 -71 +94 -99 +96 -77 -107 -82 -74 -93 -121 -97 -95 -79 +86 -114 +83 +75 +65 +119 -109 -87 -70 -76 +85 -72 +103 -88 -81 -92 -105 +123 -122 -101 -108 -68 +102 -78 +118 +69 -90 -117 +110 -113 -80 +67 +104 +64 +116 +111 -98 +66 -91 +89)
(+1 +2 +3 +4 +5 +6 +7 +8 +9 +10 +11 +12 +13 +14 +15 +16 +17 +18 +19 +20 +21 +22 +23 +24 +25 +26 +27 +28 +29 +30 +31 +32 +33 +34 +35 +36 +37 +38 +39 +40 +41 +42 +43 +44 +45 +46 +47 +48 +49 +50 +51 +52 +53 +54 +55 +56 +57 +58 +59 +60 +61 +62 +63 -64 -104 -67 +80 +113 -110 +117 +90 -69 -118 +78 -102 +68 +108 +101 +122 -123 +105 +92 +81 +88 -103 +72 -85 +76 +70 +87 +109 -119 -65 -75 -83 +114 -86 +79 +95 +97 +121 +93 +74 +82 +107 +77 -96 +99 -94 +71 +84 +115 -106 +100 +120 -112 +73 +116 +111 -98 +66 -91 +89)
(+1 +2 +3 +4 +5 +6 +7 +8 +9 +10 +11 +12 +13 +14 +15 +16 +17 +18 +19 +20 +21 +22 +23 +24 +25 +26 +27 +28 +29 +30 +31 +32 +33 +34 +35 +36 +37 +38 +39 +40 +41 +42 +43 +44 +45 +46 +47 +48 +49 +50 +51 +52 +53 +54 +55 +56 +57 +58 +59 +60 +61 +62 +63 +64 -104 -67 +80 +113 -110 +117 +90 -69 -118 +78 -102 +68 +108 +101 +122 -123 +105 +92 +81 +88 -103 +72 -85 +76 +70 +87 +109 -119 -65 -75 -83 +114 -86 +79 +95 +97 +121 +93 +74 +82 +107 +77 -96 +99 -94 +71 +84 +115 -106 +100 +120 -112 +73 +116 +111 -98 +66 -91 +89)
(+1 +2 +3 +4 +5 +6 +7 +8 +9 +10 +11 +12 +13 +14 +15 +16 +17 +18 +19 +20 +21 +22 +23 +24 +25 +26 +27 +28 +29 +30 +31 +32 +33 +34 +35 +36 +37 +38 +39 +40 +41 +42 +43 +44 +45 +46 +47 +48 +49 +50 +51 +52 +53 +54 +55 +56 +57 +58 +59 +60 +61 +62 +63 +64 +65 +119 -109 -87 -70 -76 +85 -72 +103 -88 -81 -92 -105 +123 -122 -101 -108 -68 +102 -78 +118 +69 -90 -117 +110 -113 -80 +67 +104 -75 -83 +114 -86 +79 +95 +97 +121 +93 +74 +82 +107 +77 -96 +99 -94 +71 +84 +115 -106 +100 +120 -112 +73 +116 +111 -98 +66 -91 +89)
(+1 +2 +3 +4 +5 +6 +7 +8 +9 +10 +11 +12 +13 +14 +15 +16 +17 +18 +19 +20 +21 +22 +23 +24 +25 +26 +27 +28 +29 +30 +31 +32 +33 +34 +35 +36 +37 +38 +39 +40 +41 +42 +43 +44 +45 +46 +47 +48 +49 +50 +51 +52 +53 +54 +55 +56 +57 +58 +59 +60 +61 +62 +63 +64 +65 -66 +98 -111 -116 -73 +112 -120 -100 +106 -115 -84 -71 +94 -99 +96 -77 -107 -82 -74 -93 -121 -97 -95 -79 +86 -114 +83 +75 -104 -67 +80 +113 -110 +117 +90 -69 -118 +78 -102 +68 +108 +101 +122 -123 +105 +92 +81 +88 -103 +72 -85 +76 +70 +87 +109 -119 -91 +89)
(+1 +2 +3 +4 +5 +6 +7 +8 +9 +10 +11 +12 +13 +14 +15 +16 +17 +18 +19 +20 +21 +22 +23 +24 +25 +26 +27 +28 +29 +30 +31 +32 +33 +34 +35 +36 +37 +38 +39 +40 +41 +42 +43 +44 +45 +46 +47 +48 +49 +50 +51 +52 +53 +54 +55 +56 +57 +58 +59 +60 +61 +62 +63 +64 +65 +66 +98 -111 -116 -73 +112 -120 -100 +106 -115 -84 -71 +94 -99 +96 -77 -107 -82 -74 -93 -121 -97 -95 -79 +86 -114 +83 +75 -104 -67 +80 +113 -110 +117 +90 -69 -118 +78 -102 +68 +108 +101 +122 -123 +105 +92 +81 +88 -103 +72 -85 +76 +70 +87 +109 -119 -91 +89)
(+1 +2 +3 +4 +5 +6 +7 +8 +9 +10 +11 +12 +13 +14 +15 +16 +17 +18 +19 +20 +21 +22 +23 +24 +25 +26 +27 +28 +29 +30 +31 +32 +33 +34 +35 +36 +37 +38 +39 +40 +41 +42 +43 +44 +45 +46 +47 +48 +49 +50 +51 +52 +53 +54 +55 +56 +57 +58 +59 +60 +61 +62 +63 +64 +65 +66 +67 +104 -75 -83 +114 -86 +79 +95 +97 +121 +93 +74 +82 +107 +77 -96 +99 -94 +71 +84 +115 -106 +100 +120 -112 +73 +116 +111 -98 +80 +113 -110 +117 +90 -69 -118 +78 -102 +68 +108 +101 +122 -123 +105 +92 +81 +88 -103 +72 -85 +76 +70 +87 +109 -119 -91 +89)
(+1 +2 +3 +4 +5 +6 +7 +8 +9 +10 +11 +12 +13 +14 +15 +16 +17 +18 +19 +20 +21 +22 +23 +24 +25 +26 +27 +28 +29 +30 +31 +32 +33 +34 +35 +36 +37 +38 +39 +40 +41 +42 +43 +44 +45 +46 +47 +48 +49 +50 +51 +52 +53 +54 +55 +56 +57 +58 +59 +60 +61 +62 +63 +64 +65 +66 +67 -68 +102 -78 +118 +69 -90 -117 +110 -113 -80 +98 -111 -116 -73 +112 -120 -100 +106 -115 -84 -71 +94 -99 +96 -77 -107 -82 -74 -93 -121 -97 -95 -79 +86 -114 +83 +75 -104 +108 +101 +122 -123 +105 +92 +81 +88 -103 +72 -85 +76 +70 +87 +109 -119 -91 +89)
(+1 +2 +3 +4 +5 +6 +7 +8 +9 +10 +11 +12 +13 +14 +15 +16 +17 +18 +19 +20 +21 +22 +23 +24 +25 +26 +27 +28 +29 +30 +31 +32 +33 +34 +35 +36 +37 +38 +39 +40 +41 +42 +43 +44 +45 +46 +47 +48 +49 +50 +51 +52 +53 +54 +55 +56 +57 +58 +59 +60 +61 +62 +63 +64 +65 +66 +67 +68 +102 -78 +118 +69 -90 -117 +110 -113 -80 +98 -111 -116 -73 +112 -120 -100 +106 -115 -84 -71 +94 -99 +96 -77 -107 -82 -74 -93 -121 -97 -95 -79 +86 -114 +83 +75 -104 +108 +101 +122 -123 +105 +92 +81 +88 -103 +72 -85 +76 +70 +87 +109 -119 -91 +89)
(+1 +2 +3 +4 +5 +6 +7 +8 +9 +10 +11 +12 +13 +14 +15 +16 +17 +18 +19 +20 +21 +22 +23 +24 +25 +26 +27 +28 +29 +30 +31 +32 +33 +34 +35 +36 +37 +38 +39 +40 +41 +42 +43 +44 +45 +46 +47 +48 +49 +50 +51 +52 +53 +54 +55 +56 +57 +58 +59 +60 +61 +62 +63 +64 +65 +66 +67 +68 -69 -118 +78 -102 -90 -117 +110 -113 -80 +98 -111 -116 -73 +112 -120 -100 +106 -115 -84 -71 +94 -99 +96 -77 -107 -82 -74 -93 -121 -97 -95 -79 +86 -114 +83 +75 -104 +108 +101 +122 -123 +105 +92 +81 +88 -103 +72 -85 +76 +70 +87 +109 -119 -91 +89)
(+1 +2 +3 +4 +5 +6 +7 +8 +9 +10 +11 +12 +13 +14 +15 +16 +17 +18 +19 +20 +21 +22 +23 +24 +25 +26 +27 +28 +29 +30 +31 +32 +33 +34 +35 +36 +37 +38 +39 +40 +41 +42 +43 +44 +45 +46 +47 +48 +49 +50 +51 +52 +53 +54 +55 +56 +57 +58 +59 +60 +61 +62 +63 +64 +65 +66 +67 +68 +69 -118 +78 -102 -90 -117 +110 -113 -80 +98 -111 -116 -73 +112 -120 -100 +106 -115 -84 -71 +94 -99 +96 -77 -107 -82 -74 -93 -121 -97 -95 -79 +86 -114 +83 +75 -104 +108 +101 +122 -123 +105 +92 +81 +88 -103 +72 -85 +76 +70 +87 +109 -119 -91 +89)
(+1 +2 +3 +4 +5 +6 +7 +8 +9 +10 +11 +12 +13 +14 +15 +16 +17 +18 +19 +20 +21 +22 +23 +24 +25 +26 +27 +28 +29 +30 +31 +32 +33 +34 +35 +36 +37 +38 +39 +40 +41 +42 +43 +44 +45 +46 +47 +48 +49 +50 +51 +52 +53 +54 +55 +56 +57 +58 +59 +60 +61 +62 +63 +64 +65 +66 +67 +68 +69 -70 -76 +85 -72 +103 -88 -81 -92 -105 +123 -122 -101 -108 +104 -75 -83 +114 -86 +79 +95 +97 +121 +93 +74 +82 +107 +77 -96 +99 -94 +71 +84 +115 -106 +100 +120 -112 +73 +116 +111 -98 +80 +113 -110 +117 +90 +102 -78 +118 +87 +109 -119 -91 +89)
(+1 +2 +3 +4 +5 +6 +7 +8 +9 +10 +11 +12 +13 +14 +15 +16 +17 +18 +19 +20 +21 +22 +23 +24 +25 +26 +27 +28 +29 +30 +31 +32 +33 +34 +35 +36 +37 +38 +39 +40 +41 +42 +43 +44 +45 +46 +47 +48 +49 +50 +51 +52 +53 +54 +55 +56 +57 +58 +59 +60 +61 +62 +63 +64 +65 +66 +67 +68 +69 +70 -76 +85 -72 +103 -88 -81 -92 -105 +123 -122 -101 -108 +104 -75 -83 +114 -86 +79 +95 +97 +121 +93 +74 +82 +107 +77 -96 +99 -94 +71 +84 +115 -106 +100 +120 -112 +73 +116 +111 -98 +80 +113 -110 +117 +90 +102 -78 +118 +87 +109 -119 -91 +89)
(+1 +2 +3 +4 +5 +6 +7 +8 +9 +10 +11 +12 +13 +14 +15 +16 +17 +18 +19 +20 +21 +22 +23 +24 +25 +26 +27 +28 +29 +30 +31 +32 +33 +34 +35 +36 +37 +38 +39 +40 +41 +42 +43 +44 +45 +46 +47 +48 +49 +50 +51 +52 +53 +54 +55 +56 +57 +58 +59 +60 +61 +62 +63 +64 +65 +66 +67 +68 +69 +70 -71 +94 -99 +96 -77 -107 -82 -74 -93 -121 -97 -95 -79 +86 -114 +83 +75 -104 +108 +101 +122 -123 +105 +92 +81 +88 -103 +72 -85 +76 +84 +115 -106 +100 +120 -112 +73 +116 +111 -98 +80 +113 -110 +117 +90 +102 -78 +118 +87 +109 -119 -91 +89)
(+1 +2 +3 +4 +5 +6 +7 +8 +9 +10 +11 +12 +13 +14 +15 +16 +17 +18 +19 +20 +21 +22 +23 +24 +25 +26 +27 +28 +29 +30 +31 +32 +33 +34 +35 +36 +37 +38 +39 +40 +41 +42 +43 +44 +45 +46 +47 +48 +49 +50 +51 +52 +53 +54 +55 +56 +57 +58 +59 +60 +61 +62 +63 +64 +65 +66 +67 +68 +69 +70 +71 +94 -99 +96 -77 -107 -82 -74 -93 -121 -97 -95 -79 +86 -114 +83 +75 -104 +108 +101 +122 -123 +105 +92 +81 +88 -103 +72 -85 +76 +84 +115 -106 +100 +120 -112 +73 +116 +111 -98 +80 +113 -110 +117 +90 +102 -78 +118 +87 +109 -119 -91 +89)
(+1 +2 +3 +4 +5 +6 +7 +8 +9 +10 +11 +12 +13 +14 +15 +16 +17 +18 +19 +20 +21 +22 +23 +24 +25 +26 +27 +28 +29 +30 +31 +32 +33 +34 +35 +36 +37 +38 +39 +40 +41 +42 +43 +44 +45 +46 +47 +48 +49 +50 +51 +52 +53 +54 +55 +56 +57 +58 +59 +60 +61 +62 +63 +64 +65 +66 +67 +68 +69 +70 +71 -72 +103 -88 -81 -92 -105 +123 -122 -101 -108 +104 -75 -83 +114 -86 +79 +95 +97 +121 +93 +74 +82 +107 +77 -96 +99 -94 -85 +76 +84 +115 -106 +100 +120 -112 +73 +116 +111 -98 +80 +113 -110 +117 +90 +102 -78 +118 +87 +109 -119 -91 +89)
(+1 +2 +3 +4 +5 +6 +7 +8 +9 +10 +11 +12 +13 +14 +15 +16 +17 +18 +19 +20 +21 +22 +23 +24 +25 +26 +27 +28 +29 +30 +31 +32 +33 +34 +35 +36 +37 +38 +39 +40 +41 +42 +43 +44 +45 +46 +47 +48 +49 +50 +51 +52 +53 +54 +55 +56 +57 +58 +59 +60 +61 +62 +63 +64 +65 +66 +67 +68 +69 +70 +71 +72 +103 -88 -81 -92 -105 +123 -122 -101 -108 +104 -75 -83 +114 -86 +79 +95 +97 +121 +93 +74 +82 +107 +77 -96 +99 -94 -85 +76 +84 +115 -106 +100 +120 -112 +73 +116 +111 -98 +80 +113 -110 +117 +90 +102 -78 +118 +87 +109 -119 -91 +89)
(+1 +2 +3 +4 +5 +6 +7 +8 +9 +10 +11 +12 +13 +14 +15 +16 +17 +18 +19 +20 +21 +22 +23 +24 +25 +26 +27 +28 +29 +30 +31 +32 +33 +34 +35 +36 +37 +38 +39 +40 +41 +42 +43 +44 +45 +46 +47 +48 +49 +50 +51 +52 +53 +54 +55 +56 +57 +58 +59 +60 +61 +62 +63 +64 +65 +66 +67 +68 +69 +70 +71 +72 -73 +112 -120 -100 +106 -115 -84 -76 +85 +94 -99 +96 -77 -107 -82 -74 -93 -121 -97 -95 -79 +86 -114 +83 +75 -104 +108 +101 +122 -123 +105 +92 +81 +88 -103 +116 +111 -98 +80 +113 -110 +117 +90 +102 -78 +118 +87 +109 -119 -91 +89)
(+1 +2 +3 +4 +5 +6 +7 +8 +9 +10 +11 +12 +13 +14 +15 +16 +17 +18 +19 +20 +21 +22 +23 +24 +25 +26 +27 +28 +29 +30 +31 +32 +33 +34 +35 +36 +37 +38 +39 +40 +41 +42 +43 +44 +45 +46 +47 +48 +49 +50 +51 +52 +53 +54 +55 +56 +57 +58 +59 +60 +61 +62 +63 +64 +65 +66 +67 +68 +69 +70 +71 +72 +73 +112 -120 -100 +106 -115 -84 -76 +85 +94 -99 +96 -77 -107 -82 -74 -93 -121 -97 -95 -79 +86 -114 +83 +75 -104 +108 +101 +122 -123 +105 +92 +81 +88 -103 +116 +111 -98 +80 +113 -110 +117 +90 +102 -78 +118 +87 +109 -119 -91 +89)
(+1 +2 +3 +4 +5 +6 +7 +8 +9 +10 +11 +12 +13 +14 +15 +16 +17 +18 +19 +20 +21 +22 +23 +24 +25 +26 +27 +28 +29 +30 +31 +32 +33 +34 +35 +36 +37 +38 +39 +40 +41 +42 +43 +44 +45 +46 +47 +48 +49 +50 +51 +52 +53 +54 +55 +56 +57 +58 +59 +60 +61 +62 +63 +64 +65 +66 +67 +68 +69 +70 +71 +72 +73 +74 +82 +107 +77 -96 +99 -94 -85 +76 +84 +115 -106 +100 +120 -112 -93 -121 -97 -95 -79 +86 -114 +83 +75 -104 +108 +101 +122 -123 +105 +92 +81 +88 -103 +116 +111 -98 +80 +113 -110 +117 +90 +102 -78 +118 +87 +109 -119 -91 +89)
(+1 +2 +3 +4 +5 +6 +7 +8 +9 +10 +11 +12 +13 +14 +15 +16 +17 +18 +19 +20 +21 +22 +23 +24 +25 +26 +27 +28 +29 +30 +31 +32 +33 +34 +35 +36 +37 +38 +39 +40 +41 +42 +43 +44 +45 +46 +47 +48 +49 +50 +51 +52 +53 +54 +55 +56 +57 +58 +59 +60 +61 +62 +63 +64 +65 +66 +67 +68 +69 +70 +71 +72 +73 +74 -75 -83 +114 -86 +79 +95 +97 +121 +93 +112 -120 -100 +106 -115 -84 -76 +85 +94 -99 +96 -77 -107 -82 -104 +108 +101 +122 -123 +105 +92 +81 +88 -103 +116 +111 -98 +80 +113 -110 +117 +90 +102 -78 +118 +87 +109 -119 -91 +89)
(+1 +2 +3 +4 +5 +6 +7 +8 +9 +10 +11 +12 +13 +14 +15 +16 +17 +18 +19 +20 +21 +22 +23 +24 +25 +26 +27 +28 +29 +30 +31 +32 +33 +34 +35 +36 +37 +38 +39 +40 +41 +42 +43 +44 +45 +46 +47 +48 +49 +50 +51 +52 +53 +54 +55 +56 +57 +58 +59 +60 +61 +62 +63 +64 +65 +66 +67 +68 +69 +70 +71 +72 +73 +74 +75 -83 +114 -86 +79 +95 +97 +121 +93 +112 -120 -100 +106 -115 -84 -76 +85 +94 -99 +96 -77 -107 -82 -104 +108 +101 +122 -123 +105 +92 +81 +88 -103 +116 +111 -98 +80 +113 -110 +117 +90 +102 -78 +118 +87 +109 -119 -91 +89)
(+1 +2 +3 +4 +5 +6 +7 +8 +9 +10 +11 +12 +13 +14 +15 +16 +17 +18 +19 +20 +21 +22 +23 +24 +25 +26 +27 +28 +29 +30 +31 +32 +33 +34 +35 +36 +37 +38 +39 +40 +41 +42 +43 +44 +45 +46 +47 +48 +49 +50 +51 +52 +53 +54 +55 +56 +57 +58 +59 +60 +61 +62 +63 +64 +65 +66 +67 +68 +69 +70 +71 +72 +73 +74 +75 +76 +84 +115 -106 +100 +120 -112 -93 -121 -97 -95 -79 +86 -114 +83 +85 +94 -99 +96 -77 -107 -82 -104 +108 +101 +122 -123 +105 +92 +81 +88 -103 +116 +111 -98 +80 +113 -110 +117 +90 +102 -78 +118 +87 +109 -119 -91 +89)
(+1 +2 +3 +4 +5 +6 +7 +8 +9 +10 +11 +12 +13 +14 +15 +16 +17 +18 +19 +20 +21 +22 +23 +24 +25 +26 +27 +28 +29 +30 +31 +32 +33 +34 +35 +36 +37 +38 +39 +40 +41 +42 +43 +44 +45 +46 +47 +48 +49 +50 +51 +52 +53 +54 +55 +56 +57 +58 +59 +60 +61 +62 +63 +64 +65 +66 +67 +68 +69 +70 +71 +72 +73 +74 +75 +76 +77 -96 +99 -94 -85 -83 +114 -86 +79 +95 +97 +121 +93 +112 -120 -100 +106 -115 -84 -107 -82 -104 +108 +101 +122 -123 +105 +92 +81 +88 -103 +116 +111 -98 +80 +113 -110 +117 +90 +102 -78 +118 +87 +109 -119 -91 +89)
(+1 +2 +3 +4 +5 +6 +7 +8 +9 +10 +11 +12 +13 +14 +15 +16 +17 +18 +19 +20 +21 +22 +23 +24 +25 +26 +27 +28 +29 +30 +31 +32 +33 +34 +35 +36 +37 +38 +39 +40 +41 +42 +43 +44 +45 +46 +47 +48 +49 +50 +51 +52 +53 +54 +55 +56 +57 +58 +59 +60 +61 +62 +63 +64 +65 +66 +67 +68 +69 +70 +71 +72 +73 +74 +75 +76 +77 +78 -102 -90 -117 +110 -113 -80 +98 -111 -116 +103 -88 -81 -92 -105 +123 -122 -101 -108 +104 +82 +107 +84 +115 -106 +100 +120 -112 -93 -121 -97 -95 -79 +86 -114 +83 +85 +94 -99 +96 +118 +87 +109 -119 -91 +89)
(+1 +2 +3 +4 +5 +6 +7 +8 +9 +10 +11 +12 +13 +14 +15 +16 +17 +18 +19 +20 +21 +22 +23 +24 +25 +26 +27 +28 +29 +30 +31 +32 +33 +34 +35 +36 +37 +38 +39 +40 +41 +42 +43 +44 +45 +46 +47 +48 +49 +50 +51 +52 +53 +54 +55 +56 +57 +58 +59 +60 +61 +62 +63 +64 +65 +66 +67 +68 +69 +70 +71 +72 +73 +74 +75 +76 +77 +78 +79 +95 +97 +121 +93 +112 -120 -100 +106 -115 -84 -107 -82 -104 +108 +101 +122 -123 +105 +92 +81 +88 -103 +116 +111 -98 +80 +113 -110 +117 +90 +102 +86 -114 +83 +85 +94 -99 +96 +118 +87 +109 -119 -91 +89)
(+1 +2 +3 +4 +5 +6 +7 +8 +9 +10 +11 +12 +13 +14 +15 +16 +17 +18 +19 +20 +21 +22 +23 +24 +25 +26 +27 +28 +29 +30 +31 +32 +33 +34 +35 +36 +37 +38 +39 +40 +41 +42 +43 +44 +45 +46 +47 +48 +49 +50 +51 +52 +53 +54 +55 +56 +57 +58 +59 +60 +61 +62 +63 +64 +65 +66 +67 +68 +69 +70 +71 +72 +73 +74 +75 +76 +77 +78 +79 -80 +98 -111 -116 +103 -88 -81 -92 -105 +123 -122 -101 -108 +104 +82 +107 +84 +115 -106 +100 +120 -112 -93 -121 -97 -95 +113 -110 +117 +90 +102 +86 -114 +83 +85 +94 -99 +96 +118 +87 +109 -119 -91 +89)
(+1 +2 +3 +4 +5 +6 +7 +8 +9 +10 +11 +12 +13 +14 +15 +16 +17 +18 +19 +20 +21 +22 +23 +24 +25 +26 +27 +28 +29 +30 +31 +32 +33 +34 +35 +36 +37 +38 +39 +40 +41 +42 +43 +44 +45 +46 +47 +48 +49 +50 +51 +52 +53 +54 +55 +56 +57 +58 +59 +60 +61 +62 +63 +64 +65 +66 +67 +68 +69 +70 +71 +72 +73 +74 +75 +76 +77 +78 +79 +80 +98 -111 -116 +103 -88 -81 -92 -105 +123 -122 -101 -108 +104 +82 +107 +84 +115 -106 +100 +120 -112 -93 -121 -97 -95 +113 -110 +117 +90 +102 +86 -114 +83 +85 +94 -99 +96 +118 +87 +109 -119 -91 +89)
(+1 +2 +3 +4 +5 +6 +7 +8 +9 +10 +11 +12 +13 +14 +15 +16 +17 +18 +19 +20 +21 +22 +23 +24 +25 +26 +27 +28 +29 +30 +31 +32 +33 +34 +35 +36 +37 +38 +39 +40 +41 +42 +43 +44 +45 +46 +47 +48 +49 +50 +51 +52 +53 +54 +55 +56 +57 +58 +59 +60 +61 +62 +63 +64 +65 +66 +67 +68 +69 +70 +71 +72 +73 +74 +75 +76 +77 +78 +79 +80 +81 +88 -103 +116 +111 -98 -92 -105 +123 -122 -101 -108 +104 +82 +107 +84 +115 -106 +100 +120 -112 -93 -121 -97 -95 +113 -110 +117 +90 +102 +86 -114 +83 +85 +94 -99 +96 +118 +87 +109 -119 -91 +89)
(+1 +2 +3 +4 +5 +6 +7 +8 +9 +10 +11 +12 +13 +14 +15 +16 +17 +18 +19 +20 +21 +22 +23 +24 +25 +26 +27 +28 +29 +30 +31 +32 +33 +34 +35 +36 +37 +38 +39 +40 +41 +42 +43 +44 +45 +46 +47 +48 +49 +50 +51 +52 +53 +54 +55 +56 +57 +58 +59 +60 +61 +62 +63 +64 +65 +66 +67 +68 +69 +70 +71 +72 +73 +74 +75 +76 +77 +78 +79 +80 +81 -82 -104 +108 +101 +122 -123 +105 +92 +98 -111 -116 +103 -88 +107 +84 +115 -106 +100 +120 -112 -93 -121 -97 -95 +113 -110 +117 +90 +102 +86 -114 +83 +85 +94 -99 +96 +118 +87 +109 -119 -91 +89)
(+1 +2 +3 +4 +5 +6 +7 +8 +9 +10 +11 +12 +13 +14 +15 +16 +17 +18 +19 +20 +21 +22 +23 +24 +25 +26 +27 +28 +29 +30 +31 +32 +33 +34 +35 +36 +37 +38 +39 +40 +41 +42 +43 +44 +45 +46 +47 +48 +49 +50 +51 +52 +53 +54 +55 +56 +57 +58 +59 +60 +61 +62 +63 +64 +65 +66 +67 +68 +69 +70 +71 +72 +73 +74 +75 +76 +77 +78 +79 +80 +81 +82 -104 +108 +101 +122 -123 +105 +92 +98 -111 -116 +103 -88 +107 +84 +115 -106 +100 +120 -112 -93 -121 -97 -95 +113 -110 +117 +90 +102 +86 -114 +83 +85 +94 -99 +96 +118 +87 +109 -119 -91 +89)
(+1 +2 +3 +4 +5 +6 +7 +8 +9 +10 +11 +12 +13 +14 +15 +16 +17 +18 +19 +20 +21 +22 +23 +24 +25 +26 +27 +28 +29 +30 +31 +32 +33 +34 +35 +36 +37 +38 +39 +40 +41 +42 +43 +44 +45 +46 +47 +48 +49 +50 +51 +52 +53 +54 +55 +56 +57 +58 +59 +60 +61 +62 +63 +64 +65 +66 +67 +68 +69 +70 +71 +72 +73 +74 +75 +76 +77 +78 +79 +80 +81 +82 -83 +114 -86 -102 -90 -117 +110 -113 +95 +97 +121 +93 +112 -120 -100 +106 -115 -84 -107 +88 -103 +116 +111 -98 -92 -105 +123 -122 -101 -108 +104 +85 +94 -99 +96 +118 +87 +109 -119 -91 +89)
(+1 +2 +3 +4 +5 +6 +7 +8 +9 +10 +11 +12 +13 +14 +15 +16 +17 +18 +19 +20 +21 +22 +23 +24 +25 +26 +27 +28 +29 +30 +31 +32 +33 +34 +35 +36 +37 +38 +39 +40 +41 +42 +43 +44 +45 +46 +47 +48 +49 +50 +51 +52 +53 +54 +55 +56 +57 +58 +59 +60 +61 +62 +63 +64 +65 +66 +67 +68 +69 +70 +71 +72 +73 +74 +75 +76 +77 +78 +79 +80 +81 +82 +83 +114 -86 -102 -90 -117 +110 -113 +95 +97 +121 +93 +112 -120 -100 +106 -115 -84 -107 +88 -103 +116 +111 -98 -92 -105 +123 -122 -101 -108 +104 +85 +94 -99 +96 +118 +87 +109 -119 -91 +89)
(+1 +2 +3 +4 +5 +6 +7 +8 +9 +10 +11 +12 +13 +14 +15 +16 +17 +18 +19 +20 +21 +22 +23 +24 +25 +26 +27 +28 +29 +30 +31 +32 +33 +34 +35 +36 +37 +38 +39 +40 +41 +42 +43 +44 +45 +46 +47 +48 +49 +50 +51 +52 +53 +54 +55 +56 +57 +58 +59 +60 +61 +62 +63 +64 +65 +66 +67 +68 +69 +70 +71 +72 +73 +74 +75 +76 +77 +78 +79 +80 +81 +82 +83 +84 +115 -106 +100 +120 -112 -93 -121 -97 -95 +113 -110 +117 +90 +102 +86 -114 -107 +88 -103 +116 +111 -98 -92 -105 +123 -122 -101 -108 +104 +85 +94 -99 +96 +118 +87 +109 -119 -91 +89)
(+1 +2 +3 +4 +5 +6 +7 +8 +9 +10 +11 +12 +13 +14 +15 +16 +17 +18 +19 +20 +21 +22 +23 +24 +25 +26 +27 +28 +29 +30 +31 +32 +33 +34 +35 +36 +37 +38 +39 +40 +41 +42 +43 +44 +45 +46 +47 +48 +49 +50 +51 +52 +53 +54 +55 +56 +57 +58 +59 +60 +61 +62 +63 +64 +65 +66 +67 +68 +69 +70 +71 +72 +73 +74 +75 +76 +77 +78 +79 +80 +81 +82 +83 +84 -85 -104 +108 +101 +122 -123 +105 +92 +98 -111 -116 +103 -88 +107 +114 -86 -102 -90 -117 +110 -113 +95 +97 +121 +93 +112 -120 -100 +106 -115 +94 -99 +96 +118 +87 +109 -119 -91 +89)
(+1 +2 +3 +4 +5 +6 +7 +8 +9 +10 +11 +12 +13 +14 +15 +16 +17 +18 +19 +20 +21 +22 +23 +24 +25 +26 +27 +28 +29 +30 +31 +32 +33 +34 +35 +36 +37 +38 +39 +40 +41 +42 +43 +44 +45 +46 +47 +48 +49 +50 +51 +52 +53 +54 +55 +56 +57 +58 +59 +60 +61 +62 +63 +64 +65 +66 +67 +68 +69 +70 +71 +72 +73 +74 +75 +76 +77 +78 +79 +80 +81 +82 +83 +84 +85 -104 +108 +101 +122 -123 +105 +92 +98 -111 -116 +103 -88 +107 +114 -86 -102 -90 -117 +110 -113 +95 +97 +121 +93 +112 -120 -100 +106 -115 +94 -99 +96 +118 +87 +109 -119 -91 +89)
(+1 +2 +3 +4 +5 +6 +7 +8 +9 +10 +11 +12 +13 +14 +15 +16 +17 +18 +19 +20 +21 +22 +23 +24 +25 +26 +27 +28 +29 +30 +31 +32 +33 +34 +35 +36 +37 +38 +39 +40 +41 +42 +43 +44 +45 +46 +47 +48 +49 +50 +51 +52 +53 +54 +55 +56 +57 +58 +59 +60 +61 +62 +63 +64 +65 +66 +67 +68 +69 +70 +71 +72 +73 +74 +75 +76 +77 +78 +79 +80 +81 +82 +83 +84 +85 +86 -114 -107 +88 -103 +116 +111 -98 -92 -105 +123 -122 -101 -108 +104 -102 -90 -117 +110 -113 +95 +97 +121 +93 +112 -120 -100 +106 -115 +94 -99 +96 +118 +87 +109 -119 -91 +89)
(+1 +2 +3 +4 +5 +6 +7 +8 +9 +10 +11 +12 +13 +14 +15 +16 +17 +18 +19 +20 +21 +22 +23 +24 +25 +26 +27 +28 +29 +30 +31 +32 +33 +34 +35 +36 +37 +38 +39 +40 +41 +42 +43 +44 +45 +46 +47 +48 +49 +50 +51 +52 +53 +54 +55 +56 +57 +58 +59 +60 +61 +62 +63 +64 +65 +66 +67 +68 +69 +70 +71 +72 +73 +74 +75 +76 +77 +78 +79 +80 +81 +82 +83 +84 +85 +86 -87 -118 -96 +99 -94 +115 -106 +100 +120 -112 -93 -121 -97 -95 +113 -110 +117 +90 +102 -104 +108 +101 +122 -123 +105 +92 +98 -111 -116 +103 -88 +107 +114 +109 -119 -91 +89)
(+1 +2 +3 +4 +5 +6 +7 +8 +9 +10 +11 +12 +13 +14 +15 +16 +17 +18 +19 +20 +21 +22 +23 +24 +25 +26 +27 +28 +29 +30 +31 +32 +33 +34 +35 +36 +37 +38 +39 +40 +41 +42 +43 +44 +45 +46 +47 +48 +49 +50 +51 +52 +53 +54 +55 +56 +57 +58 +59 +60 +61 +62 +63 +64 +65 +66 +67 +68 +69 +70 +71 +72 +73 +74 +75 +76 +77 +78 +79 +80 +81 +82 +83 +84 +85 +86 +87 -118 -96 +99 -94 +115 -106 +100 +120 -112 -93 -121 -97 -95 +113 -110 +117 +90 +102 -104 +108 +101 +122 -123 +105 +92 +98 -111 -116 +103 -88 +107 +114 +109 -119 -91 +89)
(+1 +2 +3 +4 +5 +6 +7 +8 +9 +10 +11 +12 +13 +14 +15 +16 +17 +18 +19 +20 +21 +22 +23 +24 +25 +26 +27 +28 +29 +30 +31 +32 +33 +34 +35 +36 +37 +38 +39 +40 +41 +42 +43 +44 +45 +46 +47 +48 +49 +50 +51 +52 +53 +54 +55 +56 +57 +58 +59 +60 +61 +62 +63 +64 +65 +66 +67 +68 +69 +70 +71 +72 +73 +74 +75 +76 +77 +78 +79 +80 +81 +82 +83 +84 +85 +86 +87 +88 -103 +116 +111 -98 -92 -105 +123 -122 -101 -108 +104 -102 -90 -117 +110 -113 +95 +97 +121 +93 +112 -120 -100 +106 -115 +94 -99 +96 +118 +107 +114 +109 -119 -91 +89)
(+1 +2 +3 +4 +5 +6 +7 +8 +9 +10 +11 +12 +13 +14 +15 +16 +17 +18 +19 +20 +21 +22 +23 +24 +25 +26 +27 +28 +29 +30 +31 +32 +33 +34 +35 +36 +37 +38 +39 +40 +41 +42 +43 +44 +45 +46 +47 +48 +49 +50 +51 +52 +53 +54 +55 +56 +57 +58 +59 +60 +61 +62 +63 +64 +65 +66 +67 +68 +69 +70 +71 +72 +73 +74 +75 +76 +77 +78 +79 +80 +81 +82 +83 +84 +85 +86 +87 +88 -89 +91 +119 -109 -114 -107 -118 -96 +99 -94 +115 -106 +100 +120 -112 -93 -121 -97 -95 +113 -110 +117 +90 +102 -104 +108 +101 +122 -123 +105 +92 +98 -111 -116 +103)
(+1 +2 +3 +4 +5 +6 +7 +8 +9 +10 +11 +12 +13 +14 +15 +16 +17 +18 +19 +20 +21 +22 +23 +24 +25 +26 +27 +28 +29 +30 +31 +32 +33 +34 +35 +36 +37 +38 +39 +40 +41 +42 +43 +44 +45 +46 +47 +48 +49 +50 +51 +52 +53 +54 +55 +56 +57 +58 +59 +60 +61 +62 +63 +64 +65 +66 +67 +68 +69 +70 +71 +72 +73 +74 +75 +76 +77 +78 +79 +80 +81 +82 +83 +84 +85 +86 +87 +88 +89 +91 +119 -109 -114 -107 -118 -96 +99 -94 +115 -106 +100 +120 -112 -93 -121 -97 -95 +113 -110 +117 +90 +102 -104 +108 +101 +122 -123 +105 +92 +98 -111 -116 +103)
(+1 +2 +3 +4 +5 +6 +7 +8 +9 +10 +11 +12 +13 +14 +15 +16 +17 +18 +19 +20 +21 +22 +23 +24 +25 +26 +27 +28 +29 +30 +31 +32 +33 +34 +35 +36 +37 +38 +39 +40 +41 +42 +43 +44 +45 +46 +47 +48 +49 +50 +51 +52 +53 +54 +55 +56 +57 +58 +59 +60 +61 +62 +63 +64 +65 +66 +67 +68 +69 +70 +71 +72 +73 +74 +75 +76 +77 +78 +79 +80 +81 +82 +83 +84 +85 +86 +87 +88 +89 -90 -117 +110 -113 +95 +97 +121 +93 +112 -120 -100 +106 -115 +94 -99 +96 +118 +107 +114 +109 -119 -91 +102 -104 +108 +101 +122 -123 +105 +92 +98 -111 -116 +103)
(+1 +2 +3 +4 +5 +6 +7 +8 +9 +10 +11 +12 +13 +14 +15 +16 +17 +18 +19 +20 +21 +22 +23 +24 +25 +26 +27 +28 +29 +30 +31 +32 +33 +34 +35 +36 +37 +38 +39 +40 +41 +42 +43 +44 +45 +46 +47 +48 +49 +50 +51 +52 +53 +54 +55 +56 +57 +58 +59 +60 +61 +62 +63 +64 +65 +66 +67 +68 +69 +70 +71 +72 +73 +74 +75 +76 +77 +78 +79 +80 +81 +82 +83 +84 +85 +86 +87 +88 +89 +90 -117 +110 -113 +95 +97 +121 +93 +112 -120 -100 +106 -115 +94 -99 +96 +118 +107 +114 +109 -119 -91 +102 -104 +108 +101 +122 -123 +105 +92 +98 -111 -116 +103)
(+1 +2 +3 +4 +5 +6 +7 +8 +9 +10 +11 +12 +13 +14 +15 +16 +17 +18 +19 +20 +21 +22 +23 +24 +25 +26 +27 +28 +29 +30 +31 +32 +33 +34 +35 +36 +37 +38 +39 +40 +41 +42 +43 +44 +45 +46 +47 +48 +49 +50 +51 +52 +53 +54 +55 +56 +57 +58 +59 +60 +61 +62 +63 +64 +65 +66 +67 +68 +69 +70 +71 +72 +73 +74 +75 +76 +77 +78 +79 +80 +81 +82 +83 +84 +85 +86 +87 +88 +89 +90 +91 +119 -109 -114 -107 -118 -96 +99 -94 +115 -106 +100 +120 -112 -93 -121 -97 -95 +113 -110 +117 +102 -104 +108 +101 +122 -123 +105 +92 +98 -111 -116 +103)
(+1 +2 +3 +4 +5 +6 +7 +8 +9 +10 +11 +12 +13 +14 +15 +16 +17 +18 +19 +20 +21 +22 +23 +24 +25 +26 +27 +28 +29 +30 +31 +32 +33 +34 +35 +36 +37 +38 +39 +40 +41 +42 +43 +44 +45 +46 +47 +48 +49 +50 +51 +52 +53 +54 +55 +56 +57 +58 +59 +60 +61 +62 +63 +64 +65 +66 +67 +68 +69 +70 +71 +72 +73 +74 +75 +76 +77 +78 +79 +80 +81 +82 +83 +84 +85 +86 +87 +88 +89 +90 +91 -92 -105 +123 -122 -101 -108 +104 -102 -117 +110 -113 +95 +97 +121 +93 +112 -120 -100 +106 -115 +94 -99 +96 +118 +107 +114 +109 -119 +98 -111 -116 +103)
(+1 +2 +3 +4 +5 +6 +7 +8 +9 +10 +11 +12 +13 +14 +15 +16 +17 +18 +19 +20 +21 +22 +23 +24 +25 +26 +27 +28 +29 +30 +31 +32 +33 +34 +35 +36 +37 +38 +39 +40 +41 +42 +43 +44 +45 +46 +47 +48 +49 +50 +51 +52 +53 +54 +55 +56 +57 +58 +59 +60 +61 +62 +63 +64 +65 +66 +67 +68 +69 +70 +71 +72 +73 +74 +75 +76 +77 +78 +79 +80 +81 +82 +83 +84 +85 +86 +87 +88 +89 +90 +91 +92 -105 +123 -122 -101 -108 +104 -102 -117 +110 -113 +95 +97 +121 +93 +112 -120 -100 +106 -115 +94 -99 +96 +118 +107 +114 +109 -119 +98 -111 -116 +103)
(+1 +2 +3 +4 +5 +6 +7 +8 +9 +10 +11 +12 +13 +14 +15 +16 +17 +18 +19 +20 +21 +22 +23 +24 +25 +26 +27 +28 +29 +30 +31 +32 +33 +34 +35 +36 +37 +38 +39 +40 +41 +42 +43 +44 +45 +46 +47 +48 +49 +50 +51 +52 +53 +54 +55 +56 +57 +58 +59 +60 +61 +62 +63 +64 +65 +66 +67 +68 +69 +70 +71 +72 +73 +74 +75 +76 +77 +78 +79 +80 +81 +82 +83 +84 +85 +86 +87 +88 +89 +90 +91 +92 -93 -121 -97 -95 +113 -110 +117 +102 -104 +108 +101 +122 -123 +105 +112 -120 -100 +106 -115 +94 -99 +96 +118 +107 +114 +109 -119 +98 -111 -116 +103)
(+1 +2 +3 +4 +5 +6 +7 +8 +9 +10 +11 +12 +13 +14 +15 +16 +17 +18 +19 +20 +21 +22 +23 +24 +25 +26 +27 +28 +29 +30 +31 +32 +33 +34 +35 +36 +37 +38 +39 +40 +41 +42 +43 +44 +45 +46 +47 +48 +49 +50 +51 +52 +53 +54 +55 +56 +57 +58 +59 +60 +61 +62 +63 +64 +65 +66 +67 +68 +69 +70 +71 +72 +73 +74 +75 +76 +77 +78 +79 +80 +81 +82 +83 +84 +85 +86 +87 +88 +89 +90 +91 +92 +93 -121 -97 -95 +113 -110 +117 +102 -104 +108 +101 +122 -123 +105 +112 -120 -100 +106 -115 +94 -99 +96 +118 +107 +114 +109 -119 +98 -111 -116 +103)
(+1 +2 +3 +4 +5 +6 +7 +8 +9 +10 +11 +12 +13 +14 +15 +16 +17 +18 +19 +20 +21 +22 +23 +24 +25 +26 +27 +28 +29 +30 +31 +32 +33 +34 +35 +36 +37 +38 +39 +40 +41 +42 +43 +44 +45 +46 +47 +48 +49 +50 +51 +52 +53 +54 +55 +56 +57 +58 +59 +60 +61 +62 +63 +64 +65 +66 +67 +68 +69 +70 +71 +72 +73 +74 +75 +76 +77 +78 +79 +80 +81 +82 +83 +84 +85 +86 +87 +88 +89 +90 +91 +92 +93 -94 +115 -106 +100 +120 -112 -105 +123 -122 -101 -108 +104 -102 -117 +110 -113 +95 +97 +121 -99 +96 +118 +107 +114 +109 -119 +98 -111 -116 +103)
(+1 +2 +3 +4 +5 +6 +7 +8 +9 +10 +11 +12 +13 +14 +15 +16 +17 +18 +19 +20 +21 +22 +23 +24 +25 +26 +27 +28 +29 +30 +31 +32 +33 +34 +35 +36 +37 +38 +39 +40 +41 +42 +43 +44 +45 +46 +47 +48 +49 +50 +51 +52 +53 +54 +55 +56 +57 +58 +59 +60 +61 +62 +63 +64 +65 +66 +67 +68 +69 +70 +71 +72 +73 +74 +75 +76 +77 +78 +79 +80 +81 +82 +83 +84 +85 +86 +87 +88 +89 +90 +91 +92 +93 +94 +115 -106 +100 +120 -112 -105 +123 -122 -101 -108 +104 -102 -117 +110 -113 +95 +97 +121 -99 +96 +118 +107 +114 +109 -119 +98 -111 -116 +103)
(+1 +2 +3 +4 +5 +6 +7 +8 +9 +10 +11 +12 +13 +14 +15 +16 +17 +18 +19 +20 +21 +22 +23 +24 +25 +26 +27 +28 +29 +30 +31 +32 +33 +34 +35 +36 +37 +38 +39 +40 +41 +42 +43 +44 +45 +46 +47 +48 +49 +50 +51 +52 +53 +54 +55 +56 +57 +58 +59 +60 +61 +62 +63 +64 +65 +66 +67 +68 +69 +70 +71 +72 +73 +74 +75 +76 +77 +78 +79 +80 +81 +82 +83 +84 +85 +86 +87 +88 +89 +90 +91 +92 +93 +94 -95 +113 -110 +117 +102 -104 +108 +101 +122 -123 +105 +112 -120 -100 +106 -115 +97 +121 -99 +96 +118 +107 +114 +109 -119 +98 -111 -116 +103)
(+1 +2 +3 +4 +5 +6 +7 +8 +9 +10 +11 +12 +13 +14 +15 +16 +17 +18 +19 +20 +21 +22 +23 +24 +25 +26 +27 +28 +29 +30 +31 +32 +33 +34 +35 +36 +37 +38 +39 +40 +41 +42 +43 +44 +45 +46 +47 +48 +49 +50 +51 +52 +53 +54 +55 +56 +57 +58 +59 +60 +61 +62 +63 +64 +65 +66 +67 +68 +69 +70 +71 +72 +73 +74 +75 +76 +77 +78 +79 +80 +81 +82 +83 +84 +85 +86 +87 +88 +89 +90 +91 +92 +93 +94 +95 +113 -110 +117 +102 -104 +108 +101 +122 -123 +105 +112 -120 -100 +106 -115 +97 +121 -99 +96 +118 +107 +114 +109 -119 +98 -111 -116 +103)
(+1 +2 +3 +4 +5 +6 +7 +8 +9 +10 +11 +12 +13 +14 +15 +16 +17 +18 +19 +20 +21 +22 +23 +24 +25 +26 +27 +28 +29 +30 +31 +32 +33 +34 +35 +36 +37 +38 +39 +40 +41 +42 +43 +44 +45 +46 +47 +48 +49 +50 +51 +52 +53 +54 +55 +56 +57 +58 +59 +60 +61 +62 +63 +64 +65 +66 +67 +68 +69 +70 +71 +72 +73 +74 +75 +76 +77 +78 +79 +80 +81 +82 +83 +84 +85 +86 +87 +88 +89 +90 +91 +92 +93 +94 +95 -96 +99 -121 -97 +115 -106 +100 +120 -112 -105 +123 -122 -101 -108 +104 -102 -117 +110 -113 +118 +107 +114 +109 -119 +98 -111 -116 +103)
(+1 +2 +3 +4 +5 +6 +7 +8 +9 +10 +11 +12 +13 +14 +15 +16 +17 +18 +19 +20 +21 +22 +23 +24 +25 +26 +27 +28 +29 +30 +31 +32 +33 +34 +35 +36 +37 +38 +39 +40 +41 +42 +43 +44 +45 +46 +47 +48 +49 +50 +51 +52 +53 +54 +55 +56 +57 +58 +59 +60 +61 +62 +63 +64 +65 +66 +67 +68 +69 +70 +71 +72 +73 +74 +75 +76 +77 +78 +79 +80 +81 +82 +83 +84 +85 +86 +87 +88 +89 +90 +91 +92 +93 +94 +95 +96 +99 -121 -97 +115 -106 +100 +120 -112 -105 +123 -122 -101 -108 +104 -102 -117 +110 -113 +118 +107 +114 +109 -119 +98 -111 -116 +103)
(+1 +2 +3 +4 +5 +6 +7 +8 +9 +10 +11 +12 +13 +14 +15 +16 +17 +18 +19 +20 +21 +22 +23 +24 +25 +26 +27 +28 +29 +30 +31 +32 +33 +34 +35 +36 +37 +38 +39 +40 +41 +42 +43 +44 +45 +46 +47 +48 +49 +50 +51 +52 +53 +54 +55 +56 +57 +58 +59 +60 +61 +62 +63 +64 +65 +66 +67 +68 +69 +70 +71 +72 +73 +74 +75 +76 +77 +78 +79 +80 +81 +82 +83 +84 +85 +86 +87 +88 +89 +90 +91 +92 +93 +94 +95 +96 +97 +121 -99 +115 -106 +100 +120 -112 -105 +123 -122 -101 -108 +104 -102 -117 +110 -113 +118 +107 +114 +109 -119 +98 -111 -116 +103)
(+1 +2 +3 +4 +5 +6 +7 +8 +9 +10 +11 +12 +13 +14 +15 +16 +17 +18 +19 +20 +21 +22 +23 +24 +25 +26 +27 +28 +29 +30 +31 +32 +33 +34 +35 +36 +37 +38 +39 +40 +41 +42 +43 +44 +45 +46 +47 +48 +49 +50 +51 +52 +53 +54 +55 +56 +57 +58 +59 +60 +61 +62 +63 +64 +65 +66 +67 +68 +69 +70 +71 +72 +73 +74 +75 +76 +77 +78 +79 +80 +81 +82 +83 +84 +85 +86 +87 +88 +89 +90 +91 +92 +93 +94 +95 +96 +97 -98 +119 -109 -114 -107 -118 +113 -110 +117 +102 -104 +108 +101 +122 -123 +105 +112 -120 -100 +106 -115 +99 -121 -111 -116 +103)
(+1 +2 +3 +4 +5 +6 +7 +8 +9 +10 +11 +12 +13 +14 +15 +16 +17 +18 +19 +20 +21 +22 +23 +24 +25 +26 +27 +28 +29 +30 +31 +32 +33 +34 +35 +36 +37 +38 +39 +40 +41 +42 +43 +44 +45 +46 +47 +48 +49 +50 +51 +52 +53 +54 +55 +56 +57 +58 +59 +60 +61 +62 +63 +64 +65 +66 +67 +68 +69 +70 +71 +72 +73 +74 +75 +76 +77 +78 +79 +80 +81 +82 +83 +84 +85 +86 +87 +88 +89 +90 +91 +92 +93 +94 +95 +96 +97 +98 +119 -109 -114 -107 -118 +113 -110 +117 +102 -104 +108 +101 +122 -123 +105 +112 -120 -100 +106 -115 +99 -121 -111 -116 +103)
(+1 +2 +3 +4 +5 +6 +7 +8 +9 +10 +11 +12 +13 +14 +15 +16 +17 +18 +19 +20 +21 +22 +23 +24 +25 +26 +27 +28 +29 +30 +31 +32 +33 +34 +35 +36 +37 +38 +39 +40 +41 +42 +43 +44 +45 +46 +47 +48 +49 +50 +51 +52 +53 +54 +55 +56 +57 +58 +59 +60 +61 +62 +63 +64 +65 +66 +67 +68 +69 +70 +71 +72 +73 +74 +75 +76 +77 +78 +79 +80 +81 +82 +83 +84 +85 +86 +87 +88 +89 +90 +91 +92 +93 +94 +95 +96 +97 +98 -99 +115 -106 +100 +120 -112 -105 +123 -122 -101 -108 +104 -102 -117 +110 -113 +118 +107 +114 +109 -119 -121 -111 -116 +103)
(+1 +2 +3 +4 +5 +6 +7 +8 +9 +10 +11 +12 +13 +14 +15 +16 +17 +18 +19 +20 +21 +22 +23 +24 +25 +26 +27 +28 +29 +30 +31 +32 +33 +34 +35 +36 +37 +38 +39 +40 +41 +42 +43 +44 +45 +46 +47 +48 +49 +50 +51 +52 +53 +54 +55 +56 +57 +58 +59 +60 +61 +62 +63 +64 +65 +66 +67 +68 +69 +70 +71 +72 +73 +74 +75 +76 +77 +78 +79 +80 +81 +82 +83 +84 +85 +86 +87 +88 +89 +90 +91 +92 +93 +94 +95 +96 +97 +98 +99 +115 -106 +100 +120 -112 -105 +123 -122 -101 -108 +104 -102 -117 +110 -113 +118 +107 +114 +109 -119 -121 -111 -116 +103)
(+1 +2 +3 +4 +5 +6 +7 +8 +9 +10 +11 +12 +13 +14 +15 +16 +17 +18 +19 +20 +21 +22 +23 +24 +25 +26 +27 +28 +29 +30 +31 +32 +33 +34 +35 +36 +37 +38 +39 +40 +41 +42 +43 +44 +45 +46 +47 +48 +49 +50 +51 +52 +53 +54 +55 +56 +57 +58 +59 +60 +61 +62 +63 +64 +65 +66 +67 +68 +69 +70 +71 +72 +73 +74 +75 +76 +77 +78 +79 +80 +81 +82 +83 +84 +85 +86 +87 +88 +89 +90 +91 +92 +93 +94 +95 +96 +97 +98 +99 -100 +106 -115 +120 -112 -105 +123 -122 -101 -108 +104 -102 -117 +110 -113 +118 +107 +114 +109 -119 -121 -111 -116 +103)
(+1 +2 +3 +4 +5 +6 +7 +8 +9 +10 +11 +12 +13 +14 +15 +16 +17 +18 +19 +20 +21 +22 +23 +24 +25 +26 +27 +28 +29 +30 +31 +32 +33 +34 +35 +36 +37 +38 +39 +40 +41 +42 +43 +44 +45 +46 +47 +48 +49 +50 +51 +52 +53 +54 +55 +56 +57 +58 +59 +60 +61 +62 +63 +64 +65 +66 +67 +68 +69 +70 +71 +72 +73 +74 +75 +76 +77 +78 +79 +80 +81 +82 +83 +84 +85 +86 +87 +88 +89 +90 +91 +92 +93 +94 +95 +96 +97 +98 +99 +100 +106 -115 +120 -112 -105 +123 -122 -101 -108 +104 -102 -117 +110 -113 +118 +107 +114 +109 -119 -121 -111 -116 +103)
(+1 +2 +3 +4 +5 +6 +7 +8 +9 +10 +11 +12 +13 +14 +15 +16 +17 +18 +19 +20 +21 +22 +23 +24 +25 +26 +27 +28 +29 +30 +31 +32 +33 +34 +35 +36 +37 +38 +39 +40 +41 +42 +43 +44 +45 +46 +47 +48 +49 +50 +51 +52 +53 +54 +55 +56 +57 +58 +59 +60 +61 +62 +63 +64 +65 +66 +67 +68 +69 +70 +71 +72 +73 +74 +75 +76 +77 +78 +79 +80 +81 +82 +83 +84 +85 +86 +87 +88 +89 +90 +91 +92 +93 +94 +95 +96 +97 +98 +99 +100 +101 +122 -123 +105 +112 -120 +115 -106 -108 +104 -102 -117 +110 -113 +118 +107 +114 +109 -119 -121 -111 -116 +103)
(+1 +2 +3 +4 +5 +6 +7 +8 +9 +10 +11 +12 +13 +14 +15 +16 +17 +18 +19 +20 +21 +22 +23 +24 +25 +26 +27 +28 +29 +30 +31 +32 +33 +34 +35 +36 +37 +38 +39 +40 +41 +42 +43 +44 +45 +46 +47 +48 +49 +50 +51 +52 +53 +54 +55 +56 +57 +58 +59 +60 +61 +62 +63 +64 +65 +66 +67 +68 +69 +70 +71 +72 +73 +74 +75 +76 +77 +78 +79 +80 +81 +82 +83 +84 +85 +86 +87 +88 +89 +90 +91 +92 +93 +94 +95 +96 +97 +98 +99 +100 +101 +102 -104 +108 +106 -115 +120 -112 -105 +123 -122 -117 +110 -113 +118 +107 +114 +109 -119 -121 -111 -116 +103)
(+1 +2 +3 +4 +5 +6 +7 +8 +9 +10 +11 +12 +13 +14 +15 +16 +17 +18 +19 +20 +21 +22 +23 +24 +25 +26 +27 +28 +29 +30 +31 +32 +33 +34 +35 +36 +37 +38 +39 +40 +41 +42 +43 +44 +45 +46 +47 +48 +49 +50 +51 +52 +53 +54 +55 +56 +57 +58 +59 +60 +61 +62 +63 +64 +65 +66 +67 +68 +69 +70 +71 +72 +73 +74 +75 +76 +77 +78 +79 +80 +81 +82 +83 +84 +85 +86 +87 +88 +89 +90 +91 +92 +93 +94 +95 +96 +97 +98 +99 +100 +101 +102 -103 +116 +111 +121 +119 -109 -114 -107 -118 +113 -110 +117 +122 -123 +105 +112 -120 +115 -106 -108 +104)
(+1 +2 +3 +4 +5 +6 +7 +8 +9 +10 +11 +12 +13 +14 +15 +16 +17 +18 +19 +20 +21 +22 +23 +24 +25 +26 +27 +28 +29 +30 +31 +32 +33 +34 +35 +36 +37 +38 +39 +40 +41 +42 +43 +44 +45 +46 +47 +48 +49 +50 +51 +52 +53 +54 +55 +56 +57 +58 +59 +60 +61 +62 +63 +64 +65 +66 +67 +68 +69 +70 +71 +72 +73 +74 +75 +76 +77 +78 +79 +80 +81 +82 +83 +84 +85 +86 +87 +88 +89 +90 +91 +92 +93 +94 +95 +96 +97 +98 +99 +100 +101 +102 +103 +116 +111 +121 +119 -109 -114 -107 -118 +113 -110 +117 +122 -123 +105 +112 -120 +115 -106 -108 +104)
(+1 +2 +3 +4 +5 +6 +7 +8 +9 +10 +11 +12 +13 +14 +15 +16 +17 +18 +19 +20 +21 +22 +23 +24 +25 +26 +27 +28 +29 +30 +31 +32 +33 +34 +35 +36 +37 +38 +39 +40 +41 +42 +43 +44 +45 +46 +47 +48 +49 +50 +51 +52 +53 +54 +55 +56 +57 +58 +59 +60 +61 +62 +63 +64 +65 +66 +67 +68 +69 +70 +71 +72 +73 +74 +75 +76 +77 +78 +79 +80 +81 +82 +83 +84 +85 +86 +87 +88 +89 +90 +91 +92 +93 +94 +95 +96 +97 +98 +99 +100 +101 +102 +103 -104 +108 +106 -115 +120 -112 -105 +123 -122 -117 +110 -113 +118 +107 +114 +109 -119 -121 -111 -116)
(+1 +2 +3 +4 +5 +6 +7 +8 +9 +10 +11 +12 +13 +14 +15 +16 +17 +18 +19 +20 +21 +22 +23 +24 +25 +26 +27 +28 +29 +30 +31 +32 +33 +34 +35 +36 +37 +38 +39 +40 +41 +42 +43 +44 +45 +46 +47 +48 +49 +50 +51 +52 +53 +54 +55 +56 +57 +58 +59 +60 +61 +62 +63 +64 +65 +66 +67 +68 +69 +70 +71 +72 +73 +74 +75 +76 +77 +78 +79 +80 +81 +82 +83 +84 +85 +86 +87 +88 +89 +90 +91 +92 +93 +94 +95 +96 +97 +98 +99 +100 +101 +102 +103 +104 +108 +106 -115 +120 -112 -105 +123 -122 -117 +110 -113 +118 +107 +114 +109 -119 -121 -111 -116)
(+1 +2 +3 +4 +5 +6 +7 +8 +9 +10 +11 +12 +13 +14 +15 +16 +17 +18 +19 +20 +21 +22 +23 +24 +25 +26 +27 +28 +29 +30 +31 +32 +33 +34 +35 +36 +37 +38 +39 +40 +41 +42 +43 +44 +45 +46 +47 +48 +49 +50 +51 +52 +53 +54 +55 +56 +57 +58 +59 +60 +61 +62 +63 +64 +65 +66 +67 +68 +69 +70 +71 +72 +73 +74 +75 +76 +77 +78 +79 +80 +81 +82 +83 +84 +85 +86 +87 +88 +89 +90 +91 +92 +93 +94 +95 +96 +97 +98 +99 +100 +101 +102 +103 +104 +105 +112 -120 +115 -106 -108 +123 -122 -117 +110 -113 +118 +107 +114 +109 -119 -121 -111 -116)
(+1 +2 +3 +4 +5 +6 +7 +8 +9 +10 +11 +12 +13 +14 +15 +16 +17 +18 +19 +20 +21 +22 +23 +24 +25 +26 +27 +28 +29 +30 +31 +32 +33 +34 +35 +36 +37 +38 +39 +40 +41 +42 +43 +44 +45 +46 +47 +48 +49 +50 +51 +52 +53 +54 +55 +56 +57 +58 +59 +60 +61 +62 +63 +64 +65 +66 +67 +68 +69 +70 +71 +72 +73 +74 +75 +76 +77 +78 +79 +80 +81 +82 +83 +84 +85 +86 +87 +88 +89 +90 +91 +92 +93 +94 +95 +96 +97 +98 +99 +100 +101 +102 +103 +104 +105 +106 -115 +120 -112 -108 +123 -122 -117 +110 -113 +118 +107 +114 +109 -119 -121 -111 -116)
(+1 +2 +3 +4 +5 +6 +7 +8 +9 +10 +11 +12 +13 +14 +15 +16 +17 +18 +19 +20 +21 +22 +23 +24 +25 +26 +27 +28 +29 +30 +31 +32 +33 +34 +35 +36 +37 +38 +39 +40 +41 +42 +43 +44 +45 +46 +47 +48 +49 +50 +51 +52 +53 +54 +55 +56 +57 +58 +59 +60 +61 +62 +63 +64 +65 +66 +67 +68 +69 +70 +71 +72 +73 +74 +75 +76 +77 +78 +79 +80 +81 +82 +83 +84 +85 +86 +87 +88 +89 +90 +91 +92 +93 +94 +95 +96 +97 +98 +99 +100 +101 +102 +103 +104 +105 +106 -107 -118 +113 -110 +117 +122 -123 +108 +112 -120 +115 +114 +109 -119 -121 -111 -116)
(+1 +2 +3 +4 +5 +6 +7 +8 +9 +10 +11 +12 +13 +14 +15 +16 +17 +18 +19 +20 +21 +22 +23 +24 +25 +26 +27 +28 +29 +30 +31 +32 +33 +34 +35 +36 +37 +38 +39 +40 +41 +42 +43 +44 +45 +46 +47 +48 +49 +50 +51 +52 +53 +54 +55 +56 +57 +58 +59 +60 +61 +62 +63 +64 +65 +66 +67 +68 +69 +70 +71 +72 +73 +74 +75 +76 +77 +78 +79 +80 +81 +82 +83 +84 +85 +86 +87 +88 +89 +90 +91 +92 +93 +94 +95 +96 +97 +98 +99 +100 +101 +102 +103 +104 +105 +106 +107 -118 +113 -110 +117 +122 -123 +108 +112 -120 +115 +114 +109 -119 -121 -111 -116)
(+1 +2 +3 +4 +5 +6 +7 +8 +9 +10 +11 +12 +13 +14 +15 +16 +17 +18 +19 +20 +21 +22 +23 +24 +25 +26 +27 +28 +29 +30 +31 +32 +33 +34 +35 +36 +37 +38 +39 +40 +41 +42 +43 +44 +45 +46 +47 +48 +49 +50 +51 +52 +53 +54 +55 +56 +57 +58 +59 +60 +61 +62 +63 +64 +65 +66 +67 +68 +69 +70 +71 +72 +73 +74 +75 +76 +77 +78 +79 +80 +81 +82 +83 +84 +85 +86 +87 +88 +89 +90 +91 +92 +93 +94 +95 +96 +97 +98 +99 +100 +101 +102 +103 +104 +105 +106 +107 -108 +123 -122 -117 +110 -113 +118 +112 -120 +115 +114 +109 -119 -121 -111 -116)
(+1 +2 +3 +4 +5 +6 +7 +8 +9 +10 +11 +12 +13 +14 +15 +16 +17 +18 +19 +20 +21 +22 +23 +24 +25 +26 +27 +28 +29 +30 +31 +32 +33 +34 +35 +36 +37 +38 +39 +40 +41 +42 +43 +44 +45 +46 +47 +48 +49 +50 +51 +52 +53 +54 +55 +56 +57 +58 +59 +60 +61 +62 +63 +64 +65 +66 +67 +68 +69 +70 +71 +72 +73 +74 +75 +76 +77 +78 +79 +80 +81 +82 +83 +84 +85 +86 +87 +88 +89 +90 +91 +92 +93 +94 +95 +96 +97 +98 +99 +100 +101 +102 +103 +104 +105 +106 +107 +108 +123 -122 -117 +110 -113 +118 +112 -120 +115 +114 +109 -119 -121 -111 -116)
(+1 +2 +3 +4 +5 +6 +7 +8 +9 +10 +11 +12 +13 +14 +15 +16 +17 +18 +19 +20 +21 +22 +23 +24 +25 +26 +27 +28 +29 +30 +31 +32 +33 +34 +35 +36 +37 +38 +39 +40 +41 +42 +43 +44 +45 +46 +47 +48 +49 +50 +51 +52 +53 +54 +55 +56 +57 +58 +59 +60 +61 +62 +63 +64 +65 +66 +67 +68 +69 +70 +71 +72 +73 +74 +75 +76 +77 +78 +79 +80 +81 +82 +83 +84 +85 +86 +87 +88 +89 +90 +91 +92 +93 +94 +95 +96 +97 +98 +99 +100 +101 +102 +103 +104 +105 +106 +107 +108 -109 -114 -115 +120 -112 -118 +113 -110 +117 +122 -123 -119 -121 -111 -116)
(+1 +2 +3 +4 +5 +6 +7 +8 +9 +10 +11 +12 +13 +14 +15 +16 +17 +18 +19 +20 +21 +22 +23 +24 +25 +26 +27 +28 +29 +30 +31 +32 +33 +34 +35 +36 +37 +38 +39 +40 +41 +42 +43 +44 +45 +46 +47 +48 +49 +50 +51 +52 +53 +54 +55 +56 +57 +58 +59 +60 +61 +62 +63 +64 +65 +66 +67 +68 +69 +70 +71 +72 +73 +74 +75 +76 +77 +78 +79 +80 +81 +82 +83 +84 +85 +86 +87 +88 +89 +90 +91 +92 +93 +94 +95 +96 +97 +98 +99 +100 +101 +102 +103 +104 +105 +106 +107 +108 +109 -114 -115 +120 -112 -118 +113 -110 +117 +122 -123 -119 -121 -111 -116)
(+1 +2 +3 +4 +5 +6 +7 +8 +9 +10 +11 +12 +13 +14 +15 +16 +17 +18 +19 +20 +21 +22 +23 +24 +25 +26 +27 +28 +29 +30 +31 +32 +33 +34 +35 +36 +37 +38 +39 +40 +41 +42 +43 +44 +45 +46 +47 +48 +49 +50 +51 +52 +53 +54 +55 +56 +57 +58 +59 +60 +61 +62 +63 +64 +65 +66 +67 +68 +69 +70 +71 +72 +73 +74 +75 +76 +77 +78 +79 +80 +81 +82 +83 +84 +85 +86 +87 +88 +89 +90 +91 +92 +93 +94 +95 +96 +97 +98 +99 +100 +101 +102 +103 +104 +105 +106 +107 +108 +109 +110 -113 +118 +112 -120 +115 +114 +117 +122 -123 -119 -121 -111 -116)
(+1 +2 +3 +4 +5 +6 +7 +8 +9 +10 +11 +12 +13 +14 +15 +16 +17 +18 +19 +20 +21 +22 +23 +24 +25 +26 +27 +28 +29 +30 +31 +32 +33 +34 +35 +36 +37 +38 +39 +40 +41 +42 +43 +44 +45 +46 +47 +48 +49 +50 +51 +52 +53 +54 +55 +56 +57 +58 +59 +60 +61 +62 +63 +64 +65 +66 +67 +68 +69 +70 +71 +72 +73 +74 +75 +76 +77 +78 +79 +80 +81 +82 +83 +84 +85 +86 +87 +88 +89 +90 +91 +92 +93 +94 +95 +96 +97 +98 +99 +100 +101 +102 +103 +104 +105 +106 +107 +108 +109 +110 +111 +121 +119 +123 -122 -117 -114 -115 +120 -112 -118 +113 -116)
(+1 +2 +3 +4 +5 +6 +7 +8 +9 +10 +11 +12 +13 +14 +15 +16 +17 +18 +19 +20 +21 +22 +23 +24 +25 +26 +27 +28 +29 +30 +31 +32 +33 +34 +35 +36 +37 +38 +39 +40 +41 +42 +43 +44 +45 +46 +47 +48 +49 +50 +51 +52 +53 +54 +55 +56 +57 +58 +59 +60 +61 +62 +63 +64 +65 +66 +67 +68 +69 +70 +71 +72 +73 +74 +75 +76 +77 +78 +79 +80 +81 +82 +83 +84 +85 +86 +87 +88 +89 +90 +91 +92 +93 +94 +95 +96 +97 +98 +99 +100 +101 +102 +103 +104 +105 +106 +107 +108 +109 +110 +111 +112 -120 +115 +114 +117 +122 -123 -119 -121 -118 +113 -116)
(+1 +2 +3 +4 +5 +6 +7 +8 +9 +10 +11 +12 +13 +14 +15 +16 +17 +18 +19 +20 +21 +22 +23 +24 +25 +26 +27 +28 +29 +30 +31 +32 +33 +34 +35 +36 +37 +38 +39 +40 +41 +42 +43 +44 +45 +46 +47 +48 +49 +50 +51 +52 +53 +54 +55 +56 +57 +58 +59 +60 +61 +62 +63 +64 +65 +66 +67 +68 +69 +70 +71 +72 +73 +74 +75 +76 +77 +78 +79 +80 +81 +82 +83 +84 +85 +86 +87 +88 +89 +90 +91 +92 +93 +94 +95 +96 +97 +98 +99 +100 +101 +102 +103 +104 +105 +106 +107 +108 +109 +110 +111 +112 -113 +118 +121 +119 +123 -122 -117 -114 -115 +120 -116)
(+1 +2 +3 +4 +5 +6 +7 +8 +9 +10 +11 +12 +13 +14 +15 +16 +17 +18 +19 +20 +21 +22 +23 +24 +25 +26 +27 +28 +29 +30 +31 +32 +33 +34 +35 +36 +37 +38 +39 +40 +41 +42 +43 +44 +45 +46 +47 +48 +49 +50 +51 +52 +53 +54 +55 +56 +57 +58 +59 +60 +61 +62 +63 +64 +65 +66 +67 +68 +69 +70 +71 +72 +73 +74 +75 +76 +77 +78 +79 +80 +81 +82 +83 +84 +85 +86 +87 +88 +89 +90 +91 +92 +93 +94 +95 +96 +97 +98 +99 +100 +101 +102 +103 +104 +105 +106 +107 +108 +109 +110 +111 +112 +113 +118 +121 +119 +123 -122 -117 -114 -115 +120 -116)
(+1 +2 +3 +4 +5 +6 +7 +8 +9 +10 +11 +12 +13 +14 +15 +16 +17 +18 +19 +20 +21 +22 +23 +24 +25 +26 +27 +28 +29 +30 +31 +32 +33 +34 +35 +36 +37 +38 +39 +40 +41 +42 +43 +44 +45 +46 +47 +48 +49 +50 +51 +52 +53 +54 +55 +56 +57 +58 +59 +60 +61 +62 +63 +64 +65 +66 +67 +68 +69 +70 +71 +72 +73 +74 +75 +76 +77 +78 +79 +80 +81 +82 +83 +84 +85 +86 +87 +88 +89 +90 +91 +92 +93 +94 +95 +96 +97 +98 +99 +100 +101 +102 +103 +104 +105 +106 +107 +108 +109 +110 +111 +112 +113 +114 +117 +122 -123 -119 -121 -118 -115 +120 -116)
(+1 +2 +3 +4 +5 +6 +7 +8 +9 +10 +11 +12 +13 +14 +15 +16 +17 +18 +19 +20 +21 +22 +23 +24 +25 +26 +27 +28 +29 +30 +31 +32 +33 +34 +35 +36 +37 +38 +39 +40 +41 +42 +43 +44 +45 +46 +47 +48 +49 +50 +51 +52 +53 +54 +55 +56 +57 +58 +59 +60 +61 +62 +63 +64 +65 +66 +67 +68 +69 +70 +71 +72 +73 +74 +75 +76 +77 +78 +79 +80 +81 +82 +83 +84 +85 +86 +87 +88 +89 +90 +91 +92 +93 +94 +95 +96 +97 +98 +99 +100 +101 +102 +103 +104 +105 +106 +107 +108 +109 +110 +111 +112 +113 +114 +115 +118 +121 +119 +123 -122 -117 +120 -116)
(+1 +2 +3 +4 +5 +6 +7 +8 +9 +10 +11 +12 +13 +14 +15 +16 +17 +18 +19 +20 +21 +22 +23 +24 +25 +26 +27 +28 +29 +30 +31 +32 +33 +34 +35 +36 +37 +38 +39 +40 +41 +42 +43 +44 +45 +46 +47 +48 +49 +50 +51 +52 +53 +54 +55 +56 +57 +58 +59 +60 +61 +62 +63 +64 +65 +66 +67 +68 +69 +70 +71 +72 +73 +74 +75 +76 +77 +78 +79 +80 +81 +82 +83 +84 +85 +86 +87 +88 +89 +90 +91 +92 +93 +94 +95 +96 +97 +98 +99 +100 +101 +102 +103 +104 +105 +106 +107 +108 +109 +110 +111 +112 +113 +114 +115 +116 -120 +117 +122 -123 -119 -121 -118)
(+1 +2 +3 +4 +5 +6 +7 +8 +9 +10 +11 +12 +13 +14 +15 +16 +17 +18 +19 +20 +21 +22 +23 +24 +25 +26 +27 +28 +29 +30 +31 +32 +33 +34 +35 +36 +37 +38 +39 +40 +41 +42 +43 +44 +45 +46 +47 +48 +49 +50 +51 +52 +53 +54 +55 +56 +57 +58 +59 +60 +61 +62 +63 +64 +65 +66 +67 +68 +69 +70 +71 +72 +73 +74 +75 +76 +77 +78 +79 +80 +81 +82 +83 +84 +85 +86 +87 +88 +89 +90 +91 +92 +93 +94 +95 +96 +97 +98 +99 +100 +101 +102 +103 +104 +105 +106 +107 +108 +109 +110 +111 +112 +113 +114 +115 +116 -117 +120 +122 -123 -119 -121 -118)
(+1 +2 +3 +4 +5 +6 +7 +8 +9 +10 +11 +12 +13 +14 +15 +16 +17 +18 +19 +20 +21 +22 +23 +24 +25 +26 +27 +28 +29 +30 +31 +32 +33 +34 +35 +36 +37 +38 +39 +40 +41 +42 +43 +44 +45 +46 +47 +48 +49 +50 +51 +52 +53 +54 +55 +56 +57 +58 +59 +60 +61 +62 +63 +64 +65 +66 +67 +68 +69 +70 +71 +72 +73 +74 +75 +76 +77 +78 +79 +80 +81 +82 +83 +84 +85 +86 +87 +88 +89 +90 +91 +92 +93 +94 +95 +96 +97 +98 +99 +100 +101 +102 +103 +104 +105 +106 +107 +108 +109 +110 +111 +112 +113 +114 +115 +116 +117 +120 +122 -123 -119 -121 -118)
(+1 +2 +3 +4 +5 +6 +7 +8 +9 +10 +11 +12 +13 +14 +15 +16 +17 +18 +19 +20 +21 +22 +23 +24 +25 +26 +27 +28 +29 +30 +31 +32 +33 +34 +35 +36 +37 +38 +39 +40 +41 +42 +43 +44 +45 +46 +47 +48 +49 +50 +51 +52 +53 +54 +55 +56 +57 +58 +59 +60 +61 +62 +63 +64 +65 +66 +67 +68 +69 +70 +71 +72 +73 +74 +75 +76 +77 +78 +79 +80 +81 +82 +83 +84 +85 +86 +87 +88 +89 +90 +91 +92 +93 +94 +95 +96 +97 +98 +99 +100 +101 +102 +103 +104 +105 +106 +107 +108 +109 +110 +111 +112 +113 +114 +115 +116 +117 +118 +121 +119 +123 -122 -120)
(+1 +2 +3 +4 +5 +6 +7 +8 +9 +10 +11 +12 +13 +14 +15 +16 +17 +18 +19 +20 +21 +22 +23 +24 +25 +26 +27 +28 +29 +30 +31 +32 +33 +34 +35 +36 +37 +38 +39 +40 +41 +42 +43 +44 +45 +46 +47 +48 +49 +50 +51 +52 +53 +54 +55 +56 +57 +58 +59 +60 +61 +62 +63 +64 +65 +66 +67 +68 +69 +70 +71 +72 +73 +74 +75 +76 +77 +78 +79 +80 +81 +82 +83 +84 +85 +86 +87 +88 +89 +90 +91 +92 +93 +94 +95 +96 +97 +98 +99 +100 +101 +102 +103 +104 +105 +106 +107 +108 +109 +110 +111 +112 +113 +114 +115 +116 +117 +118 -119 -121 +123 -122 -120)
(+1 +2 +3 +4 +5 +6 +7 +8 +9 +10 +11 +12 +13 +14 +15 +16 +17 +18 +19 +20 +21 +22 +23 +24 +25 +26 +27 +28 +29 +30 +31 +32 +33 +34 +35 +36 +37 +38 +39 +40 +41 +42 +43 +44 +45 +46 +47 +48 +49 +50 +51 +52 +53 +54 +55 +56 +57 +58 +59 +60 +61 +62 +63 +64 +65 +66 +67 +68 +69 +70 +71 +72 +73 +74 +75 +76 +77 +78 +79 +80 +81 +82 +83 +84 +85 +86 +87 +88 +89 +90 +91 +92 +93 +94 +95 +96 +97 +98 +99 +100 +101 +102 +103 +104 +105 +106 +107 +108 +109 +110 +111 +112 +113 +114 +115 +116 +117 +118 +119 -121 +123 -122 -120)
(+1 +2 +3 +4 +5 +6 +7 +8 +9 +10 +11 +12 +13 +14 +15 +16 +17 +18 +19 +20 +21 +22 +23 +24 +25 +26 +27 +28 +29 +30 +31 +32 +33 +34 +35 +36 +37 +38 +39 +40 +41 +42 +43 +44 +45 +46 +47 +48 +49 +50 +51 +52 +53 +54 +55 +56 +57 +58 +59 +60 +61 +62 +63 +64 +65 +66 +67 +68 +69 +70 +71 +72 +73 +74 +75 +76 +77 +78 +79 +80 +81 +82 +83 +84 +85 +86 +87 +88 +89 +90 +91 +92 +93 +94 +95 +96 +97 +98 +99 +100 +101 +102 +103 +104 +105 +106 +107 +108 +109 +110 +111 +112 +113 +114 +115 +116 +117 +118 +119 +120 +122 -123 +121)
(+1 +2 +3 +4 +5 +6 +7 +8 +9 +10 +11 +12 +13 +14 +15 +16 +17 +18 +19 +20 +21 +22 +23 +24 +25 +26 +27 +28 +29 +30 +31 +32 +33 +34 +35 +36 +37 +38 +39 +40 +41 +42 +43 +44 +45 +46 +47 +48 +49 +50 +51 +52 +53 +54 +55 +56 +57 +58 +59 +60 +61 +62 +63 +64 +65 +66 +67 +68 +69 +70 +71 +72 +73 +74 +75 +76 +77 +78 +79 +80 +81 +82 +83 +84 +85 +86 +87 +88 +89 +90 +91 +92 +93 +94 +95 +96 +97 +98 +99 +100 +101 +102 +103 +104 +105 +106 +107 +108 +109 +110 +111 +112 +113 +114 +115 +116 +117 +118 +119 +120 -121 +123 -122)
(+1 +2 +3 +4 +5 +6 +7 +8 +9 +10 +11 +12 +13 +14 +15 +16 +17 +18 +19 +20 +21 +22 +23 +24 +25 +26 +27 +28 +29 +30 +31 +32 +33 +34 +35 +36 +37 +38 +39 +40 +41 +42 +43 +44 +45 +46 +47 +48 +49 +50 +51 +52 +53 +54 +55 +56 +57 +58 +59 +60 +61 +62 +63 +64 +65 +66 +67 +68 +69 +70 +71 +72 +73 +74 +75 +76 +77 +78 +79 +80 +81 +82 +83 +84 +85 +86 +87 +88 +89 +90 +91 +92 +93 +94 +95 +96 +97 +98 +99 +100 +101 +102 +103 +104 +105 +106 +107 +108 +109 +110 +111 +112 +113 +114 +115 +116 +117 +118 +119 +120 +121 +123 -122)
(+1 +2 +3 +4 +5 +6 +7 +8 +9 +10 +11 +12 +13 +14 +15 +16 +17 +18 +19 +20 +21 +22 +23 +24 +25 +26 +27 +28 +29 +30 +31 +32 +33 +34 +35 +36 +37 +38 +39 +40 +41 +42 +43 +44 +45 +46 +47 +48 +49 +50 +51 +52 +53 +54 +55 +56 +57 +58 +59 +60 +61 +62 +63 +64 +65 +66 +67 +68 +69 +70 +71 +72 +73 +74 +75 +76 +77 +78 +79 +80 +81 +82 +83 +84 +85 +86 +87 +88 +89 +90 +91 +92 +93 +94 +95 +96 +97 +98 +99 +100 +101 +102 +103 +104 +105 +106 +107 +108 +109 +110 +111 +112 +113 +114 +115 +116 +117 +118 +119 +120 +121 +122 -123)
(+1 +2 +3 +4 +5 +6 +7 +8 +9 +10 +11 +12 +13 +14 +15 +16 +17 +18 +19 +20 +21 +22 +23 +24 +25 +26 +27 +28 +29 +30 +31 +32 +33 +34 +35 +36 +37 +38 +39 +40 +41 +42 +43 +44 +45 +46 +47 +48 +49 +50 +51 +52 +53 +54 +55 +56 +57 +58 +59 +60 +61 +62 +63 +64 +65 +66 +67 +68 +69 +70 +71 +72 +73 +74 +75 +76 +77 +78 +79 +80 +81 +82 +83 +84 +85 +86 +87 +88 +89 +90 +91 +92 +93 +94 +95 +96 +97 +98 +99 +100 +101 +102 +103 +104 +105 +106 +107 +108 +109 +110 +111 +112 +113 +114 +115 +116 +117 +118 +119 +120 +121 +122 +123)